,won_corners,att_sv_low_centre,won_contest,total_tackle,aerial_lost,possession_percentage,accurate_pass,total_pass,total_throws,shot_off_target,total_offside,blocked_scoring_att,ontarget_scoring_att,aerial_won,att_miss_left,total_scoring_att,fk_foul_lost,att_miss_right,match_id,team_id,att_goal_low_left,att_goal_low_right,att_sv_low_left,goals,att_pen_goal,att_sv_high_centre,att_goal_low_centre,att_miss_high,att_post_left,post_scoring_att,att_miss_high_right,att_sv_high_right,att_sv_low_right,att_sv_high_left,att_miss_high_left,att_goal_high_right,att_goal_high_left,att_post_right,att_goal_high_centre,penalty_save,att_post_high
0,1,1,5,11,15,25.3,214,308,15,2,3,2,1,16,1,5,8,1,1190418,166,,,,,,,,,,,,,,,,,,,,,
1,4,2,6,13,16,74.7,809,913,24,3,2,4,7,15,,14,8,3,1190418,26,1,1,1,3,1,1,1,,,,,,,,,,,,,,
2,5,1,12,23,16,49.1,300,394,21,3,1,6,6,25,,15,13,2,1190424,211,,1,3,2,,,1,1,,,,,,,,,,,,,
3,12,3,17,6,25,50.9,329,403,19,5,,13,8,16,,26,9,2,1190424,183,1,1,,2,,,,1,1,1,1,1,2,,,,,,,,
4,6,1,15,13,18,55.4,426,508,21,4,5,6,7,11,2,17,14,,1190342,15,,,2,,,1,,1,,,1,,2,1,,,,,,,
5,3,1,21,15,11,44.6,329,415,17,6,3,7,1,18,3,14,13,1,1190342,14,,,,,,,,,,,1,,,,1,,,,,,
6,4,2,24,20,12,55,530,601,14,7,3,6,9,8,4,22,5,1,1190356,26,,,1,5,,,2,1,,,,,1,,1,1,2,,,,
7,2,1,9,13,8,45,422,496,17,2,,1,4,12,,7,8,2,1190356,259,,,1,,,,,,,,,,1,1,,,,,,,
8,8,3,22,16,10,65.7,517,618,29,8,4,8,5,23,,21,5,4,1190430,15,,,,,,,,3,,,,,2,,1,,,,,,
9,5,1,10,23,23,34.3,241,329,20,2,2,4,5,10,1,11,12,,1190430,183,,1,,3,,,1,1,,,,,,1,,,1,,,,
10,12,3,19,17,15,62.3,518,593,22,9,2,7,11,18,2,27,8,2,1190381,15,1,,4,2,,,,3,,1,,1,2,,1,,,1,,,
11,3,,12,19,18,37.7,288,361,15,5,2,2,2,15,,9,9,2,1190381,162,,,,1,,1,1,1,1,1,,,,,1,,,,,,
12,,,9,20,19,35.9,251,361,18,5,2,2,3,24,2,10,12,2,1190395,23,,1,,1,,1,,,,,,,,1,1,,,,,,
13,10,3,18,12,24,64.1,503,630,33,3,2,6,4,19,1,13,15,2,1190395,32,,,,,,1,,,,,,,,,,,,,,,
14,8,1,1,19,18,28.7,157,242,30,9,2,1,6,12,3,16,15,1,1190183,175,1,,1,1,,,,3,,,1,,3,,1,,,,,,
15,2,,5,16,12,71.3,527,612,14,2,,5,2,18,,9,3,,1190183,183,,,,,,1,,,,,,,1,,2,,,,,,
16,9,,17,9,24,69.1,576,662,19,7,2,8,7,22,3,22,8,1,1190197,32,,,4,2,,,1,2,,,1,,1,,,,,,1,,
17,3,1,10,22,22,30.9,208,300,14,5,3,2,4,24,2,11,7,3,1190197,14,,,2,,,,,,,,,,1,,,,,,,1,
18,4,,15,25,17,32.2,195,312,22,3,1,,3,17,,6,6,2,1190550,162,1,,1,1,1,,,1,,,,,1,,,,,,,,
19,6,1,10,16,17,67.8,550,660,29,4,1,6,6,17,1,16,8,,1190550,26,2,,,2,,,,1,,,1,,2,1,1,,,,,,
20,5,1,3,16,8,72.9,701,805,23,8,2,4,5,17,3,17,9,2,1190236,13,1,1,,2,,1,,,,1,1,,1,,1,,,,,,1
21,2,1,4,14,17,27.1,218,300,17,2,1,,2,8,2,4,9,,1190236,259,,,,1,,,1,,,,,,,,,,,,,,
22,3,,10,15,30,43.3,237,360,41,2,4,3,7,24,,12,13,1,1190222,14,1,,,2,,3,1,1,,,,,2,,,,,,,,
23,6,1,12,14,24,56.7,352,486,25,9,1,8,6,30,,23,14,4,1190222,26,2,,1,3,,,,3,1,1,1,,1,,,1,,,,1,
24,2,,6,9,8,44,414,511,24,2,2,2,2,9,1,6,5,,1190544,183,,,,,,,,,1,1,,,2,,,,,,,,
25,3,2,7,12,9,56,576,655,18,12,4,2,7,8,4,21,10,3,1190544,26,3,,1,4,,,1,2,1,2,1,,,,,,,1,,,
26,8,2,4,14,4,66.1,658,730,21,3,5,,10,9,1,13,10,,1190223,167,2,,1,5,,,2,,,,1,,2,,1,,1,,,,
27,3,1,10,15,9,33.9,288,372,17,2,2,2,3,4,1,7,9,1,1190223,26,,,2,,,,,,,,,,,,,,,,,,
28,1,1,10,27,24,43.6,259,357,24,2,,2,5,33,,9,9,,1190545,96,,,,3,,1,2,2,,,,,,,,,,,1,,
29,11,4,10,16,33,56.4,338,445,41,5,2,5,7,24,1,17,11,,1190545,175,,,,1,,,1,1,,,,,2,,3,,,,,,
30,2,1,4,13,12,18,133,202,14,4,2,,2,12,2,6,10,,1190551,31,,1,,1,,,,1,,,1,,,,,,,,,,
31,11,1,9,8,12,82,905,976,14,8,3,6,4,12,,18,8,5,1190551,167,,1,,3,,,1,3,,,,,,,,,,,1,,
32,8,2,14,6,10,71.9,656,724,21,7,,9,9,10,,25,6,3,1190237,167,1,,1,5,,,3,4,,,,,1,,,1,,,,,
33,2,,14,16,10,28.1,205,281,21,2,1,3,,10,1,5,7,,1190237,162,,,,,,,,1,,,,,,,,,,,,,
34,12,3,14,6,15,71.3,581,676,29,14,1,12,9,8,3,35,7,3,1190196,26,1,,2,1,,,,4,,1,1,,3,,2,,,,,,1
35,2,,3,11,8,28.7,183,277,10,1,5,,4,15,,5,9,1,1190196,184,1,,1,1,,,,,,,,1,1,,,,,,,,
36,3,,11,19,25,45.6,277,395,26,4,3,1,4,22,1,9,14,3,1190182,27,1,,,3,,1,1,,,,,,,,,1,,,,,
37,3,1,6,20,22,54.4,352,477,27,8,1,1,5,25,1,14,8,4,1190182,26,1,1,,3,1,,,2,,1,,,,1,,1,,,,,1
38,4,3,19,15,22,53.4,331,422,24,3,5,1,5,14,1,9,11,1,1190394,14,,1,,2,1,,1,,,,1,,,,,,,,,,
39,5,1,9,27,14,46.6,254,356,19,4,3,4,3,22,1,11,10,,1190394,27,,,1,,,,,2,,,,,1,,1,,,,,,
40,4,2,12,8,22,47.2,290,416,25,7,,4,7,26,2,18,8,1,1190380,183,,1,1,2,,,1,1,,1,1,,1,1,1,,,,,,1
41,4,,3,14,26,52.8,348,471,21,3,5,2,1,22,,6,13,2,1190380,31,1,,,1,,,,1,,,,,,,,,,,,,
42,15,1,17,18,27,65.2,329,422,32,5,2,7,6,15,1,18,8,2,1190357,18,,,3,,,,,1,,,1,1,1,,,,,,,,
43,4,1,8,13,15,34.8,162,240,22,9,2,,3,27,3,12,13,,1190357,96,,,1,,,,,4,,,2,,1,,,,,,,,
44,7,1,6,8,24,50.1,258,371,32,3,1,3,3,30,1,9,8,1,1190431,184,,,,1,,,1,1,,,,,1,,,,,,,,
45,5,1,9,23,30,49.9,253,378,26,3,,4,6,24,1,13,14,1,1190431,18,,,,1,,1,,1,,,,1,1,1,,,,,1,,
46,6,1,10,16,12,40.4,241,310,18,6,6,3,10,14,,19,7,2,1190425,14,1,1,1,3,1,1,,2,,,1,,2,2,1,,1,,,,
47,6,3,14,18,14,59.6,386,477,21,4,1,3,7,12,1,14,12,,1190425,13,,,2,1,,,,1,1,1,1,,1,,,,1,,,,
48,8,4,11,10,35,57.3,317,439,27,3,2,4,8,26,1,15,14,1,1190343,183,,1,1,2,,,,1,,,,,1,,,1,,,,,
49,1,2,9,28,26,42.7,221,328,26,6,6,3,4,35,,13,19,4,1190343,96,,1,,1,,,,,,1,1,,1,,,,,,,,1
50,6,2,9,24,9,45.8,425,538,28,2,,3,5,6,1,10,11,1,1190419,13,,,,,,1,,,,,,,2,,,,,,,,
51,1,2,21,11,6,54.2,556,653,26,1,1,3,5,9,,9,11,1,1190419,167,,1,,3,,,,,,,,,,,,,2,,,1,
52,4,,12,12,38,53.3,290,412,21,6,3,5,4,25,1,15,11,2,1190369,27,,,1,1,,,,2,,,1,,1,1,,,,,1,,
53,6,1,7,17,25,46.7,228,346,27,5,1,2,2,38,1,9,12,2,1190369,175,,,1,,,,,1,,,1,,,,,,,,,,
54,4,3,15,14,10,73.8,784,854,21,8,1,4,7,21,2,19,5,3,1190433,167,2,1,1,3,,,,1,,1,,,,,1,,,,,,1
55,3,1,4,14,21,26.2,240,301,16,3,2,,3,10,,6,7,1,1190433,211,,,1,1,,,,1,,,1,,,,,,,,1,,
56,5,3,15,20,19,54.3,335,424,36,10,4,4,6,31,1,20,11,2,1190355,162,,,1,1,1,,,3,,,3,,1,,1,1,,,,,
57,6,4,3,11,31,45.7,253,363,21,2,3,2,8,19,1,12,8,1,1190355,23,1,,,1,,,,,,,,1,2,,,,,,,,
58,3,,15,19,22,30.5,185,278,15,5,2,1,4,24,,10,10,3,1190341,162,,,1,2,,,,2,,,,,1,,,1,1,,,,
59,7,2,16,9,24,69.5,554,654,28,3,2,6,8,22,3,17,8,,1190341,32,1,2,,3,,2,,,,,,,1,,,,,,,,
60,3,,8,24,12,47.8,309,408,12,9,3,2,5,21,1,16,17,5,1190427,211,,,1,4,1,,3,,,1,2,,,,,,,,1,,1
61,5,,8,20,21,52.2,334,434,27,6,,4,1,12,3,11,6,,1190427,259,,,1,1,,,,,1,1,1,,,,1,,,,,,
62,7,2,10,15,17,60.6,456,566,41,7,4,5,6,17,2,18,7,1,1190396,26,,1,,2,,,1,2,,,2,,2,,,,,,,,
63,1,,10,16,17,39.4,258,371,25,1,3,5,1,17,,7,3,1,1190396,14,,,,1,,,,,,,,,,,,,,,1,,
64,5,3,8,11,12,41.7,287,362,23,5,4,2,3,13,1,10,12,1,1190382,211,,,,,,,,2,,1,,,,,,,,1,,,
65,3,4,18,13,13,58.3,462,535,20,1,,3,10,12,1,14,5,,1190382,15,1,1,,4,,,,,,,,,2,,,1,,,1,,
66,8,1,8,16,27,59.8,383,486,33,6,3,6,3,24,3,15,6,3,1190194,166,1,,,1,,1,,,,,,,,,,,,,,,
67,4,,13,8,24,40.2,247,344,35,4,1,5,1,27,1,10,6,1,1190194,14,,,,1,1,,1,1,,,,,,,1,,,,,,
68,5,1,4,12,15,26.9,157,245,26,4,2,,2,16,2,6,6,,1190180,23,,,,,,,,1,,,,,1,,1,,,,,,
69,7,3,10,16,16,73.1,628,702,26,5,1,7,6,15,1,18,10,3,1190180,30,,,,2,,,2,,1,1,,,1,,,,,,,,
70,14,2,16,14,16,67.7,501,592,25,6,,6,6,12,2,18,14,2,1190209,30,,,1,1,,1,,,,1,1,2,,,,,,1,,,
71,4,,9,31,12,32.3,195,280,8,4,,3,2,16,,9,21,1,1190209,15,,1,,2,,,,1,1,1,,,,,1,1,,,,,
72,4,1,6,19,25,41.9,316,406,20,5,,5,6,11,5,16,11,,1190547,23,1,,,3,,1,2,,,,,,1,,,,,,,,
73,2,1,15,18,11,58.1,486,569,20,3,2,1,2,25,1,6,10,,1190547,15,,,,,,,,1,,,,,,1,1,,,,,,
74,1,1,7,16,18,53.1,416,504,27,12,,1,3,21,5,16,9,3,1190221,162,,,1,,,,,3,,,1,,1,,,,,,,,
75,1,1,4,20,21,46.9,369,464,20,2,3,2,3,18,1,7,6,1,1190221,259,1,1,,2,,,,,,,,,,,,,,,,,
76,10,2,8,15,22,65,506,604,25,5,3,9,2,15,1,16,5,2,1190235,29,,,,,,,,2,,,,,,,,,,,,,
77,3,1,5,10,15,35,251,337,17,1,1,1,5,22,,7,13,,1190235,211,1,,,3,1,,1,1,,,,,1,,,1,,,,,
78,11,2,5,5,23,45.2,277,365,21,6,4,2,5,32,,13,10,1,1190553,183,,,1,1,,,,3,,,1,,1,,1,1,,,,,
79,6,2,4,23,32,54.8,326,446,24,6,1,3,3,23,1,12,10,,1190553,259,,,,,,,,4,,,,,1,,1,,,,,,
80,3,,6,22,8,36.2,274,359,24,5,1,3,6,10,2,14,2,1,1190234,30,2,1,,4,,,1,1,,1,,,2,,,,,,,,1
81,5,3,10,26,10,63.8,545,629,32,1,2,4,7,8,,12,8,,1190234,26,1,,1,1,,1,,,,,1,,,1,,,,,,,
82,4,1,12,12,16,63.6,591,662,14,5,,3,8,11,2,16,6,,1190552,13,,2,,5,,1,1,3,,,,,1,,,,2,,,,
83,5,1,9,11,11,36.4,296,372,14,2,,2,2,16,1,6,7,1,1190552,184,,,,,,,,,,,,,1,,,,,,,,
84,8,1,9,11,36,57.8,375,475,33,6,2,4,2,32,2,12,13,1,1190546,211,,,,,,,,1,,1,,,,1,1,,,1,,,
85,2,3,11,12,32,42.2,243,358,15,,2,4,7,36,,11,13,,1190546,184,,,1,,,,,,,,,,2,1,,,,,,,
86,2,,7,18,7,40.4,259,347,23,3,1,3,2,12,2,8,11,1,1190220,14,,,1,1,1,,1,,,,,,,,,,,,,,
87,9,3,11,20,12,59.6,434,521,17,5,3,5,6,7,1,16,8,1,1190220,15,2,,,2,,,,1,,,1,,1,,1,,,,,,
88,10,1,8,16,18,58.4,464,583,26,4,4,4,9,18,1,17,14,1,1190208,13,1,1,3,3,,,,1,,,,,2,,1,1,,,,,
89,3,,7,11,18,41.6,291,401,27,5,,,2,18,1,7,10,2,1190208,183,,,1,,,,,,,1,1,1,,,,,,1,,,
90,13,,6,12,18,59.6,432,518,26,16,,11,2,17,4,29,10,6,1190181,18,,,,,,,,3,,1,,1,,1,2,,,,,,1
91,,,4,11,17,40.4,284,365,15,2,1,2,,18,1,4,13,1,1190181,259,,,,,,,,,,,,,,,,,,,,,
92,4,4,15,19,14,48.6,411,507,17,5,3,3,10,11,2,18,6,2,1190195,26,1,2,1,4,,,,,,,,,,1,1,,1,,,,
93,3,,9,13,11,51.4,438,539,18,6,5,2,,14,2,8,9,1,1190195,13,,,,,,,,1,,,1,,,,1,,,,,,
94,8,,21,16,27,52.9,298,389,22,2,2,4,5,14,1,11,14,1,1190383,31,3,,2,3,,,,,,,,,,,,,,,,,
95,7,,15,10,14,47.1,265,345,28,5,1,7,4,27,2,16,15,1,1190383,162,1,,1,1,1,,,2,,,,1,,1,,,,,,,
96,2,,8,15,20,37,188,305,28,2,1,,5,28,1,7,10,,1190397,23,2,1,1,3,,,,1,,,,,1,,,,,,,,
97,6,1,10,14,28,63,374,509,43,3,1,1,2,20,1,6,10,,1190397,18,,,1,,,,,1,,,1,,,,,,,,,,
98,7,2,10,15,18,56.5,330,424,19,10,,5,10,26,4,25,12,3,1190340,183,1,1,2,3,,1,1,2,,,1,,2,,,,,,,,
99,4,1,7,22,26,43.5,236,333,29,3,2,2,5,18,2,10,14,1,1190340,29,2,1,,3,,,,,,,,,1,,,,,,,,
100,5,1,12,25,26,40.4,204,296,21,4,2,1,3,24,1,8,11,1,1190426,29,1,,,1,1,,,1,,,1,1,,,,,,,,,
101,3,1,7,9,24,59.6,371,454,21,5,,1,3,26,1,9,15,2,1190426,162,,,1,1,,,1,1,,,1,,,,,,,,,,
102,6,,12,12,17,39.8,282,365,15,6,1,6,,12,1,12,11,3,1190432,31,,,,,,,,2,,,,,,,,,,,,,
103,6,,9,12,12,60.2,495,585,27,8,1,7,6,17,1,21,10,2,1190432,32,,,,2,,1,,3,1,1,1,,2,1,,2,,,,,
104,5,1,18,33,22,35.7,277,367,11,4,3,5,7,4,1,16,10,2,1190354,26,1,1,1,4,,,1,,,1,,,,1,,,1,1,,,
105,6,,20,24,4,64.3,571,667,20,3,3,4,4,22,1,11,7,1,1190354,167,1,2,1,3,,,,,,1,,,,,,,,,,,1
106,3,,15,12,9,57,408,493,15,7,1,2,7,15,2,16,8,1,1190368,30,1,1,,5,,,1,4,,,,,2,,,,,,2,,
107,8,1,20,28,15,43,265,359,14,7,1,3,6,9,,16,15,5,1190368,18,1,,1,2,,1,,,,1,1,,,1,,,1,,,,1
108,7,,12,13,16,64.8,442,549,26,4,,2,2,15,,8,7,,1190350,166,1,,1,1,,,,2,,,,,,,2,,,,,,
109,3,1,12,17,15,35.2,209,306,30,1,5,1,6,16,,8,9,,1190350,29,2,1,,4,,,,,,,1,,1,,,,1,,,,
110,4,,16,14,26,51.4,387,482,32,6,4,,5,25,1,11,7,2,1190436,14,2,,,3,,2,1,,,1,1,,,,1,,,,,,1
111,1,,11,29,25,48.6,369,455,20,3,1,2,1,26,1,6,9,,1190436,166,,,,,,,,,,,1,,1,,1,,,,,,
112,4,,6,13,14,25.7,225,306,14,4,,4,4,11,3,12,4,,1190422,259,2,1,,3,,,,,,1,,,1,,,,,1,,,
113,3,2,5,11,11,74.3,824,894,23,4,3,1,4,14,1,9,8,1,1190422,13,1,,1,1,,,,2,,,,,,,,,,,,,
114,13,3,12,12,20,67.2,616,696,11,10,2,7,8,10,5,25,8,4,1190344,15,,2,,2,,,,1,,,,2,1,,,,,,,,
115,1,1,4,10,10,32.8,264,342,13,4,2,3,1,20,,8,8,2,1190344,211,,,,,,,,2,,,,,,,,,,,,,
116,5,3,13,19,16,63,642,727,8,1,3,5,10,16,,16,6,,1190378,13,1,1,1,4,,1,2,,,,1,,1,,,,,,,,
117,10,2,3,15,16,37,336,406,12,1,1,3,5,16,,9,8,,1190378,162,,1,1,1,,,,,,,1,,,1,,,,,,,
118,1,,7,22,13,32.1,194,283,18,1,3,2,2,22,,5,10,1,1190393,32,,1,,2,,,1,,,,,,,,,,,,,,
119,13,1,16,13,22,67.9,483,584,18,5,,7,2,13,1,14,16,,1190393,26,,,,1,,,,2,,,1,,1,,1,,,,,,
120,2,,10,21,14,51,319,438,27,5,3,6,4,23,1,15,12,2,1190387,166,2,1,,4,1,,,2,,,,,1,,,,,,,,
121,6,1,11,18,23,49,289,415,34,2,5,3,2,14,,7,12,1,1190387,183,,1,,1,,,,,1,1,,,,,,,,,,,
122,5,2,14,13,20,50.6,416,532,26,3,4,6,4,17,1,13,11,,1190191,15,,,,,,1,,,,,1,,1,,1,,,,,,
123,1,2,6,19,17,49.4,411,520,15,5,2,4,2,20,1,11,15,1,1190191,13,,,,,,,,,,1,1,,,,1,,,1,,,
124,6,,9,9,20,67.8,374,471,22,15,1,5,,24,5,20,11,3,1190185,184,,,,,,,,5,,,2,,,,,,,,,,
125,5,,6,9,24,32.2,127,228,29,5,3,2,1,20,1,8,11,1,1190185,175,,1,,1,,,,,,,2,,,,1,,,,,,
126,,1,6,8,13,32.4,199,287,16,4,2,2,3,18,1,9,14,,1190224,31,,,,2,,,1,2,,,1,,,,,,1,,,,
127,7,2,11,12,18,67.6,516,616,30,8,1,8,14,13,2,30,14,4,1190224,13,3,1,2,5,,1,,,,1,1,,4,,,,,,1,,1
128,7,4,21,17,38,71.3,649,761,21,11,1,7,5,26,3,23,13,3,1190542,13,,,,1,,,,5,,,,,,,,,,,1,,
129,5,1,8,21,26,28.7,201,299,11,4,2,4,2,38,,10,9,1,1190542,23,,,,,,,,3,,,,,1,,,,,,,,
130,3,,5,16,27,55.3,361,453,22,1,,3,3,23,1,7,12,,1190230,23,,,,1,,,,,,,,1,1,,,,,,1,,
131,5,,13,16,23,44.7,261,365,31,7,1,3,,27,4,10,14,2,1190230,162,,,,,,,,1,,,,,,,,,,,,,
132,6,4,11,14,10,56.7,500,583,26,4,,7,7,16,1,18,12,2,1190218,15,1,,,2,,,,1,,,,,1,,,,1,,,,
133,3,,7,17,16,43.3,355,437,20,5,,2,,10,1,7,7,3,1190218,31,,,,,,,,1,,,,,,,,,,,,,
134,4,,3,19,14,50.6,334,426,25,5,3,4,3,15,2,12,12,2,1190219,31,1,,,2,,,,1,,,,,1,,,1,,,,,
135,6,1,10,13,15,49.4,321,415,20,2,1,2,4,14,,8,11,1,1190219,183,1,,1,1,,,,1,,,,,1,,,,,,,,
136,8,4,17,21,20,65.7,492,589,16,11,2,3,6,20,2,20,10,3,1190231,18,,1,1,1,,,,3,,1,2,,,,,,,1,,,
137,3,,1,10,19,34.3,206,307,16,4,1,1,2,21,2,7,8,1,1190231,175,,,,,,,,,,,1,1,1,,,,,,,,
138,7,,6,19,23,52.7,304,423,32,3,2,5,1,19,1,9,8,1,1190225,18,,,,,,,,,,,,1,,,1,,,,,,
139,4,1,10,19,19,47.3,276,384,26,5,1,4,3,23,2,12,11,1,1190225,27,1,1,,2,,,,,,,1,,,,1,,,,,,
140,9,3,8,14,19,52.6,269,384,30,4,3,2,6,22,2,12,16,1,1190543,18,1,,,1,,1,,,,1,,,1,,,,,1,,,
141,1,1,10,17,22,47.4,223,345,23,4,4,4,2,19,,10,9,1,1190543,166,1,,,1,,,,,,1,1,,,,1,,,,,,1
142,8,1,6,11,17,55.8,338,438,21,1,1,3,2,16,,6,6,,1190184,183,,,,,,,,1,,,,1,,,,,,,,,
143,5,3,9,20,16,44.2,265,338,26,7,7,5,7,17,2,19,14,2,1190184,27,1,1,1,2,,,,1,,,1,,1,,1,,,,,,
144,2,1,7,19,9,22.9,137,213,13,5,4,2,4,18,,11,6,3,1190190,96,,1,,1,,1,,,,,1,1,,,1,,,,,,
145,9,3,16,15,18,77.1,639,731,21,6,3,6,6,9,2,18,11,1,1190190,13,,,1,,,1,,2,,,1,,1,,,,,,,,
146,5,1,9,24,34,48.2,309,423,20,8,1,3,3,12,2,14,7,3,1190386,184,,,1,,,,,1,,1,,1,,,1,,,,,,1
147,4,,13,13,12,51.8,363,461,26,4,2,6,2,34,,12,13,2,1190386,32,,,,1,,,,1,,,,,,1,1,,1,,,,
148,5,,10,16,24,56.9,284,384,28,2,,,1,31,,3,14,,1190392,166,,,,,,1,,1,,,1,,,,,,,,,,
149,4,3,8,17,31,43.1,179,294,29,5,3,2,4,24,2,11,14,2,1190392,184,,,1,,,,,1,,,,,,,,,,,,,
150,8,4,20,21,25,57,486,583,12,6,1,6,8,16,3,20,11,2,1190379,15,1,1,,3,,,1,,,,1,1,,,,,,,,,
151,7,,14,12,16,43,341,428,12,7,3,,1,25,5,8,11,1,1190379,175,,,,,,,,1,,,,,1,,,,,,,,
152,8,,9,16,29,63.2,449,551,30,9,,4,5,23,2,18,12,1,1190423,183,,,1,2,,,,3,,,1,,1,1,2,,1,,1,,
153,1,2,7,21,23,36.8,234,338,17,6,4,5,4,29,2,15,10,1,1190423,23,1,,,2,,,1,3,,,,,,,,,,,,,
154,13,1,9,21,35,55.4,295,438,26,9,3,10,4,31,2,23,11,4,1190345,14,1,,,1,,2,,1,,,1,,,,1,,,,,,
155,1,1,9,12,31,44.6,244,374,27,4,2,1,3,35,1,8,7,,1190345,183,,1,1,1,1,,,1,,,2,,,,,,,,,,
156,3,,3,9,13,29.2,178,278,24,4,1,1,3,15,1,8,9,,1190351,184,,1,,1,,,,2,,,,1,1,,1,,,,,,
157,13,3,7,13,15,70.8,605,695,20,6,,7,7,13,4,20,6,,1190351,167,,,1,1,,1,,2,,,,,,1,,1,,,,,
158,1,2,10,19,10,43.5,256,344,8,2,,3,4,21,,9,13,,1190437,96,,1,1,1,,,,1,,,,,,,1,,,,,,
159,9,4,11,19,21,56.5,346,431,20,5,4,2,9,10,1,16,12,2,1190437,31,1,1,1,2,,2,,2,,,,,,,,,,,,,
160,4,1,9,8,28,54.4,338,452,40,11,3,5,5,24,2,21,11,3,1190347,211,1,1,1,3,,,,4,,,,,,,2,1,,,,,
161,1,,11,17,24,45.6,283,380,25,2,3,1,1,28,,4,7,1,1190347,29,,,,1,,,,,,,,,,,1,1,,,,,
162,4,1,10,24,32,54.6,326,470,38,3,1,1,2,21,2,6,11,1,1190421,166,,,,,,,,,,,,,1,,,,,,,,
163,7,3,15,29,21,45.4,275,393,29,5,2,7,6,32,1,18,12,1,1190421,162,,,1,2,1,,1,3,,,,,,,,,1,,,,
164,3,2,5,28,14,23.8,119,205,30,1,,1,3,24,1,5,12,,1190435,162,,,,,,1,,,,,,,,,,,,,,,
165,13,2,7,14,24,76.2,566,662,31,6,1,4,4,14,3,14,5,1,1190435,30,,,1,1,,,,1,,,1,,,,,,1,,,,
166,5,1,20,11,8,71.2,902,976,17,5,2,5,3,5,,13,8,,1190353,167,,,,1,,,1,3,,,,,,1,2,,,,,,
167,2,,8,11,5,28.8,303,392,19,3,1,,,8,2,3,9,1,1190353,15,,,,,,,,,,,,,,,,,,,,,
168,5,1,17,14,23,51.7,303,385,25,6,1,3,4,21,1,13,13,,1190409,29,,,1,,,,,3,,,2,,2,,,,,,,,
169,1,1,2,11,21,48.3,287,372,24,2,3,1,4,23,1,7,7,1,1190409,184,,1,,3,,,1,,,,,,,,,1,,,,,
170,7,4,10,9,5,58.5,592,653,18,7,3,2,12,13,1,21,5,1,1190384,15,3,1,1,5,1,1,,4,,,1,,1,,,1,,,,,
171,,,10,27,13,41.5,395,474,11,,2,,1,5,,1,10,,1190384,96,,,1,,,,,,,,,,,,,,,,,,
172,,1,8,21,35,56.8,341,474,29,2,,3,4,24,1,9,15,,1190390,31,,,1,1,,,,1,,,,1,,,,1,,,,,
173,3,,8,15,24,43.2,223,356,31,9,,1,5,35,1,15,10,3,1190390,175,1,,2,1,,,,2,,1,1,1,,1,1,,,,,,1
174,11,1,23,14,13,55.4,417,493,21,8,1,8,5,23,2,21,19,1,1190179,32,,3,,4,,,1,3,,1,1,,,,,,,1,,,
175,1,,3,21,23,44.6,316,397,13,6,4,2,1,13,1,9,7,1,1190179,29,,,,,,1,,2,,1,1,,,,,,,,,,1
176,7,,5,24,12,52.7,353,456,23,3,4,1,3,24,1,7,13,,1190186,166,,,1,1,,1,,1,,,1,,,,,1,,,,,
177,3,1,9,18,24,47.3,296,415,29,3,5,5,5,12,,13,10,1,1190186,23,,,1,,,1,,1,,,,,2,,1,,,,,,
178,5,3,10,15,20,45.6,311,410,17,9,,2,3,20,5,14,14,1,1190192,162,,,,,,,,,,,1,,,,2,,,,,,
179,5,,8,15,20,54.4,404,503,17,4,1,5,4,20,2,13,13,1,1190192,18,1,,1,1,,1,,,,,,,1,,1,,,,,,
180,7,1,5,17,20,55.8,379,463,31,8,,7,4,18,2,19,6,,1190233,259,,1,,1,,,,2,,,2,1,1,,2,,,,,,
181,6,1,13,23,18,44.2,276,381,22,3,3,2,6,20,1,11,9,1,1190233,14,,,,2,,1,1,1,,,,,2,1,,,,,,,
182,4,,9,19,10,78.8,825,901,21,5,4,4,5,13,,14,8,1,1190541,167,2,1,,4,,,,3,,,,,,1,1,,,,1,,
183,6,1,7,10,13,21.2,163,232,14,2,2,2,1,10,1,5,7,1,1190541,183,,,,,,,,,,,,,,,,,,,,,
184,5,,9,19,16,36.8,252,332,13,4,1,1,5,13,3,10,10,,1190227,96,,,,2,,1,,1,,,,1,1,,,,1,,1,,
185,11,4,10,9,13,63.2,490,564,24,5,4,5,8,16,1,18,10,,1190227,32,,1,,2,,1,,3,,,,,1,,1,,,,1,,
186,6,1,13,22,16,52.5,377,462,11,5,6,1,8,24,1,14,13,2,1190540,15,2,,1,4,,1,1,,,,1,,,1,1,,1,,,,
187,6,2,5,17,24,47.5,324,406,22,6,3,5,5,16,2,16,16,1,1190540,27,1,1,,2,,,,,,,2,,,1,1,,,,,,
188,4,1,11,27,15,22.1,116,210,13,,2,2,3,15,,5,10,,1190226,166,,1,,2,,,1,,,,,,,,,,,,,,
189,7,1,13,13,15,77.9,643,741,28,3,3,3,3,15,2,9,12,1,1190226,32,1,,,1,,,,,,,,,1,,,,,,,,
190,8,,10,11,20,52.3,287,407,30,6,4,2,3,23,4,11,17,1,1190232,96,,,,1,,1,,,,,1,,1,,,,,,1,,
191,3,1,6,17,23,47.7,282,391,23,3,1,1,3,20,1,7,10,2,1190232,183,1,,,2,1,,1,,,,,,,,,,,,,,
192,5,5,8,17,18,44.7,265,378,27,4,,6,6,25,1,16,10,,1190193,166,,,1,,,,,2,,,1,,,,,,,,,,
193,4,1,9,16,25,55.3,382,502,28,3,3,,3,18,,6,10,3,1190193,18,,,,,,,,,,,,1,1,,,,,,,,
194,6,,8,11,16,45.2,332,427,17,4,1,6,4,17,1,14,8,2,1190187,14,1,,2,2,,,,1,,,,,,,,,1,,,,
195,2,,5,11,17,54.8,435,526,22,,2,3,2,16,,5,10,,1190187,211,,,1,,,,,,,,,1,,,,,,,,,
196,6,1,1,17,25,61.6,392,497,24,3,2,2,4,19,2,9,13,,1190178,31,,,1,1,,1,,,,,1,,,,,,,,1,,
197,7,,10,18,19,38.4,211,292,27,6,6,2,1,25,3,9,10,2,1190178,96,,,,,,,,1,,,,,1,,,,,,,,
198,8,3,18,11,17,70.5,616,705,24,6,1,2,11,11,3,19,10,1,1190391,167,1,2,2,5,,,1,2,,,,,1,,,,,,1,,
199,2,1,11,18,11,29.5,193,288,11,,2,,2,17,,2,12,,1190391,14,1,,,1,,,,,,,,,,,,,,,,,
200,10,1,7,9,20,59,330,425,28,7,2,3,3,16,2,13,10,2,1190385,31,,,1,2,,,,2,,,1,,,,,1,,,,,
201,3,,2,14,16,41,190,302,18,5,1,1,4,20,1,10,14,,1190385,211,,,1,,,2,,2,,,1,1,,,1,,,,,1,
202,7,1,13,19,16,70.7,558,669,32,9,3,14,8,18,1,31,10,4,1190408,30,,,3,1,,1,,2,,,2,,2,,,1,,,,,
203,1,,9,18,18,29.3,186,283,22,2,3,,1,16,,3,6,2,1190408,29,,,,1,,,,,,,,,,,,,1,,,,
204,5,,7,24,23,44.3,231,347,26,4,3,1,4,13,2,9,10,1,1190434,31,2,,2,2,,,,,,1,,,,,,,,1,,,
205,5,,10,17,13,55.7,319,440,38,4,,2,2,23,,8,10,,1190434,14,1,,,1,1,,,,1,3,,,,1,1,,,,,,2
206,8,2,8,17,34,58.3,416,500,29,8,2,3,7,15,3,18,9,2,1190352,166,,,2,1,,,1,2,,,1,,2,,,,,,,,
207,5,1,10,31,15,41.7,274,372,16,5,2,3,7,34,1,15,12,,1190352,96,,,4,1,,,1,1,,,2,,1,,1,,,,,,
208,3,,6,19,35,44.3,214,323,24,8,,7,2,34,1,17,16,4,1190346,162,,,,1,,,,1,,,2,1,,,,1,,,,,
209,2,1,7,18,34,55.7,309,414,23,5,4,1,2,35,2,8,10,2,1190346,184,,,,,,1,,,,,1,,,,,,,,,,
210,10,1,13,16,14,58.3,515,599,9,3,2,5,6,13,,14,11,1,1190420,13,,,1,2,,,,1,,,1,,2,,,,2,,,,
211,8,1,12,18,13,41.7,348,422,9,10,3,3,6,14,1,19,11,3,1190420,15,,,1,2,1,1,2,3,,1,2,,1,,,,,,,,1
212,6,1,9,21,24,37.8,230,337,21,4,1,2,4,33,2,10,10,2,1190309,23,1,,,2,,,1,,,,,,1,,,,,,,,
213,5,,22,20,33,62.2,446,562,21,7,2,1,5,24,2,13,8,2,1190309,14,,,1,3,,,,,,,2,,2,,1,1,1,,,,
214,12,5,5,18,21,70.8,579,657,17,6,7,3,11,19,2,20,12,2,1190321,30,1,3,1,5,,,,1,,,1,,1,,,,,,,,
215,6,1,6,17,19,29.2,172,268,12,1,2,,3,21,,4,9,1,1190321,96,,1,1,1,,,,,,,,,,,,,,,,,
216,10,1,14,14,28,58.8,352,463,20,3,2,4,4,30,1,11,10,,1190447,96,,,,,,1,,2,,,,1,1,,,,,,,,
217,5,2,10,17,30,41.2,223,335,20,5,,3,6,28,2,14,11,,1190447,23,,,1,1,,2,1,1,,,2,,,,,,,,,,
218,3,1,10,17,4,66.5,675,746,16,4,5,2,5,11,1,11,5,,1190453,32,1,,2,2,,,,2,,,1,,,,,,1,,,,
219,3,,5,17,11,33.5,290,366,19,,1,1,2,4,,3,13,,1190453,259,,,,,,1,,,,,,,1,,,,,,,,
220,6,1,15,26,15,52.6,432,527,18,9,1,7,6,11,4,22,10,,1190335,30,1,,2,2,,,,5,,,,,2,,,,,,,,
221,3,,9,25,11,47.4,372,470,15,2,9,1,3,15,,6,13,,1190335,32,,,,,,,,1,,,,,2,1,1,,,,,,
222,11,1,16,17,13,54.4,360,452,25,4,3,4,3,26,2,11,10,2,1190484,14,,,,,,1,,,,,,1,,,,,,,,,
223,3,2,14,17,26,45.6,280,384,35,4,2,,2,13,1,6,10,2,1190484,18,,,,,,,,,,,,,,,1,,,,,,
224,8,2,13,12,11,50.5,346,415,17,4,1,2,9,8,2,15,11,,1190490,162,1,2,2,5,1,,,1,,,,,,,1,1,,,1,,
225,2,,14,21,8,49.5,315,393,22,2,,3,1,11,,6,9,,1190490,14,,,1,,,,,1,,,1,,,,,,,,,,
226,4,1,14,21,20,57,367,486,35,4,1,4,3,19,,11,13,2,1190269,14,1,,,1,,1,,1,,,1,,,,,,,,,,
227,1,,7,15,19,43,271,378,31,3,1,1,1,20,2,5,6,,1190269,175,,,,1,,,,,,,1,,,,,1,,,,,
228,9,3,7,8,35,63.2,398,501,15,13,1,8,4,32,3,25,14,5,1190255,31,,,1,,,,,4,,,1,,,,,,,,,,
229,3,,7,18,32,36.8,179,295,18,1,1,2,2,35,,5,7,1,1190255,184,,,,1,,1,1,,,,,,,,,,,,,,
230,9,1,9,19,16,53.4,334,413,28,5,3,2,4,21,3,11,13,,1190533,18,,1,,1,,2,,2,,,,,,,,,,,,,
231,9,,9,23,21,46.6,278,369,25,2,1,3,11,16,,16,9,2,1190533,14,,1,1,4,,2,3,,,,,,4,,,,,,,,
232,4,2,8,13,16,53.6,318,415,21,6,3,4,4,35,1,14,14,2,1190527,162,,1,,2,,,1,1,,,,,,,2,,,,,,
233,6,1,4,21,35,46.4,242,352,24,3,,2,2,16,,7,18,2,1190527,27,,,,1,,,,1,,,,,,,,1,,,,,
234,6,,18,12,17,62.5,573,647,16,5,1,7,3,23,,15,5,2,1190241,183,2,,,2,,,,3,,,,1,,,,,,,,,
235,4,,13,19,23,37.5,290,390,23,5,1,2,2,17,,9,12,1,1190241,211,,1,,1,,,,3,,1,,,,1,,,,,,,1
236,11,,8,19,36,48,276,373,14,9,5,3,4,31,1,16,11,3,1190296,23,,,1,,,2,,1,1,1,2,1,,,1,,,,,,
237,9,,5,10,31,52,308,407,26,6,1,4,6,36,2,16,12,1,1190296,183,,,1,1,,1,,,,,2,,3,,1,1,,,,,
238,4,,5,14,18,62.1,453,567,28,4,,5,2,27,1,11,9,1,1190282,183,,,1,1,,,,,,,2,,,,,,1,,,,
239,6,1,3,22,27,37.9,247,345,21,2,1,4,4,18,1,10,11,,1190282,184,,,,2,,1,1,,,1,,,,,,1,,,,,1
240,7,1,4,20,15,50.5,316,399,24,2,1,2,2,19,1,6,16,,1190283,27,,1,,1,,,,,,1,,,,,,,,1,,,
241,2,1,7,21,19,49.5,329,404,23,4,10,2,2,15,1,8,8,2,1190283,30,1,,,1,,,,1,,,,,,,,,,,,,
242,8,3,6,23,22,58.4,403,541,28,8,1,5,6,35,4,19,6,1,1190297,166,1,,,2,,,1,3,,,,,1,,,,,,,,
243,1,,5,17,35,41.6,267,391,29,2,5,3,2,22,,7,10,,1190297,211,,,1,,,,,1,,,,1,,,1,,,,,,
244,6,1,9,15,13,43.1,341,433,24,3,1,4,5,9,1,12,14,1,1190526,175,,1,2,1,,,,1,,,,,1,,,,,,,,
245,3,1,10,12,9,56.9,484,588,20,2,1,3,3,13,1,8,7,1,1190526,32,,,,2,,,1,,,,,,,,,1,,,,,
246,8,2,8,18,18,60.6,453,544,21,6,3,4,4,6,2,14,12,3,1190240,18,,,1,,,,,1,,,,1,,,,,,,,,
247,4,2,5,16,6,39.4,288,368,18,3,2,2,4,18,1,9,9,1,1190240,32,,,1,1,,,1,1,,,,,,,,,,,,,
248,8,,11,11,32,70.2,456,561,29,7,4,8,,22,4,15,10,2,1190254,27,,,,,,,,1,,,,,,,,,,,,,
249,1,1,3,18,22,29.8,150,249,26,3,2,1,2,32,,6,9,2,1190254,96,,1,,1,,,,,,1,,,,,,,,1,,,
250,4,,6,11,33,40.4,233,350,24,3,5,,2,21,1,5,10,,1190532,184,,,2,,,,,1,,,,,,,1,,,,,,
251,4,2,9,9,21,59.6,419,527,29,5,1,5,8,33,1,18,10,2,1190532,30,,2,2,3,1,,1,2,,,,,1,,,,,,,,
252,5,,11,23,24,43,309,431,23,6,1,3,5,5,2,14,7,2,1190268,162,,1,2,2,,1,,1,,,,1,,,1,,,,,,
253,8,3,13,23,5,57,459,559,19,6,6,4,5,24,1,15,6,,1190268,15,,1,1,1,,,,3,,1,1,,,,,,,,,,1
254,5,1,5,15,19,53.7,382,499,40,2,1,5,2,20,,9,9,,1190491,166,,,1,,,,,2,,,,,,,,,,,,,
255,3,3,7,23,20,46.3,293,431,24,1,3,1,5,19,,7,8,1,1190491,31,1,1,,2,,,,,,,,,,,,,,,,,
256,6,2,16,14,14,82.9,942,1015,10,4,4,3,12,10,1,19,6,1,1190485,167,1,,2,5,,,3,,,,,,2,1,2,,1,,,,
257,1,1,10,11,10,17.1,142,203,14,2,1,1,1,14,1,4,8,,1190485,259,,,,,,,,1,,,,,,,,,,,,1,
258,5,,14,19,15,31.7,219,313,17,4,1,3,4,15,2,11,5,2,1190452,211,,,1,1,,1,1,,,,,,1,,,,,,,,
259,6,1,17,8,15,68.3,598,675,23,7,2,6,3,15,2,16,3,1,1190452,32,,,2,,,,,3,,,1,,,,,,,,,,
260,3,3,14,15,16,52.6,372,449,23,5,1,3,5,24,2,13,12,,1190334,29,,1,,2,,,1,2,,,,,,,1,,,,,,
261,4,2,10,16,24,47.4,327,413,16,6,1,3,3,16,1,12,12,1,1190334,175,,,,1,,,,1,,,2,,,,1,,1,,,,
262,7,2,7,18,20,42.1,281,399,21,4,8,5,5,16,1,14,11,1,1190320,13,,,1,2,,,,1,,,1,,,,,1,1,,,,
263,4,2,15,12,16,57.9,436,549,28,8,1,2,4,20,5,14,16,1,1190320,30,,,,,,,,,,,2,1,1,,,,,,,,
264,3,1,13,20,9,44.3,352,432,13,1,1,4,5,13,1,10,13,,1190446,32,1,1,1,2,,1,,,,,,,,,,,,,,,
265,4,1,15,22,13,55.7,475,552,14,4,6,3,7,9,,14,12,,1190446,15,,1,2,1,,1,,,,1,3,,2,,,,,,,,1
266,8,1,11,12,23,56.1,379,468,22,3,1,7,2,27,,12,13,1,1190308,259,,,,,,,,,,1,,,,1,1,,,,,,1
267,7,,3,17,27,43.9,267,371,16,2,2,1,2,23,1,5,12,1,1190308,211,,1,,1,,1,,,,,,,,,,,,,,,
268,8,3,11,11,10,64.8,516,596,23,9,,5,6,10,,20,17,1,1190478,167,,1,,2,,1,,3,,2,,,,,3,,,2,1,,
269,4,,16,11,10,35.2,244,318,17,1,2,,4,10,,5,9,1,1190478,32,1,,1,3,,,1,,,,,,,,,1,,,,,
270,6,2,17,16,31,63.5,329,426,31,5,4,8,6,37,3,19,9,,1190336,29,1,,1,2,,,,2,,,,,1,,,,,,1,,
271,3,1,4,23,37,36.5,155,249,19,5,,2,4,31,1,11,12,,1190336,23,1,1,,3,,,,2,1,2,,,,,,1,,,,1,1
272,6,,11,18,17,32.3,232,313,16,5,4,2,1,11,3,8,12,1,1190450,259,,,1,,,,,1,,,,,,,,,,,,,
273,5,2,6,21,11,67.7,593,675,25,5,2,2,5,17,2,12,9,1,1190450,30,1,,1,2,,,,1,,,,,,,1,,,,1,,
274,4,1,9,26,23,61.1,444,560,25,7,1,,3,16,1,10,8,3,1190444,18,,1,,1,,1,,1,,,2,,,,,,,,,,
275,7,1,15,15,16,38.9,246,350,29,4,,3,4,23,1,11,11,2,1190444,162,1,,,2,,,,1,,,,,1,,,,,,1,,
276,7,,8,19,24,67.2,564,663,29,7,,5,5,26,1,17,6,2,1190322,18,1,1,,4,,,1,1,,1,2,,1,,,,,1,1,,
277,2,1,4,12,26,32.8,232,329,19,3,,,2,24,1,5,13,,1190322,31,,1,,1,,,,1,,,1,,,,,,,,,,
278,9,,10,16,7,59.2,543,609,22,6,2,7,3,5,2,16,12,1,1190493,32,,1,1,2,,,,2,,1,,,,,,1,,1,,,
279,,1,13,28,5,40.8,358,438,18,4,1,1,3,7,2,8,7,1,1190493,13,1,,,1,,1,,,,,1,,,,,,,,,,
280,4,3,6,25,24,51.8,248,357,24,10,,,4,32,3,14,17,3,1190487,27,,,,,,,,1,,1,2,1,,,,,,,,,1
281,3,,17,16,32,48.2,238,341,18,3,1,2,1,24,,6,13,1,1190487,162,,,,,,,,,,2,,1,,,,,,1,,,1
282,6,1,21,16,22,56.1,357,452,27,5,,4,2,23,1,11,12,1,1190518,14,,,1,,,,,1,,,1,,,,1,,,,,,
283,4,,20,25,23,43.9,275,368,22,3,,4,6,22,,13,13,2,1190518,162,1,1,2,3,,,,1,,,,,1,,,,1,,,,
284,2,1,9,18,9,51.9,395,490,23,4,,1,2,16,1,7,9,,1190242,211,,,,1,,,,1,,,1,,,,1,,1,,,,
285,7,,8,16,16,48.1,360,450,23,2,1,3,1,9,,6,10,1,1190242,18,,,,1,,,1,,1,1,,,,,,,,,,,
286,8,,10,18,24,59.5,356,452,32,7,3,3,3,21,2,13,12,3,1190524,27,,1,1,1,,,,2,,,,1,,,,,,,,,
287,7,3,7,24,21,40.5,223,309,19,4,3,2,9,24,,15,17,2,1190524,166,4,,1,4,1,,,1,,,1,,,1,,,,,,,
288,6,,19,14,25,51.7,328,426,22,8,6,3,3,38,3,14,8,2,1190530,211,,,,1,,1,,,,,1,,1,,2,,,,1,,
289,4,,13,19,38,48.3,288,397,34,6,,5,1,25,1,12,11,3,1190530,27,,,,,,,,,,,1,,,1,1,,,,,,
290,1,,12,21,17,21.7,151,254,17,1,5,2,4,12,,7,10,,1190256,175,1,,1,2,,,,1,,,,,1,,,,,,1,,
291,2,1,15,16,12,78.3,843,929,15,8,1,2,5,17,,15,7,3,1190256,167,2,1,,3,,,,3,,,,,1,,2,,,,,,
292,1,,10,11,13,25.3,175,266,26,1,3,1,,12,,2,8,1,1190281,14,,,,,,,,,,,,,,,,,,,,,
293,7,,13,13,12,74.7,705,784,19,6,1,2,4,13,1,12,10,,1190281,167,,,,2,,,1,2,,,,,1,1,3,,1,,,,
294,1,,11,22,27,47.9,305,401,20,2,,2,4,27,1,8,13,,1190295,175,1,,,2,,,1,,,1,,,1,1,,,,,,,1
295,6,2,6,18,27,52.1,342,435,25,5,2,5,4,27,1,14,12,3,1190295,23,,,,2,,,,,,,1,,1,,,,1,,,,
296,3,,10,18,13,38.6,307,378,18,5,3,,2,19,2,7,13,1,1190294,175,,,,,,2,,1,,,,,,,1,,,,,,
297,4,,15,14,19,61.4,529,610,15,2,1,2,7,13,,11,12,1,1190294,15,1,1,2,4,,,1,1,,,,,1,,,,,,1,,
298,2,,9,13,19,44.1,295,377,29,6,3,1,3,25,2,10,12,1,1190280,96,,1,1,2,,,,2,,,1,,,,,1,,,,,
299,6,1,7,24,25,55.9,372,458,23,2,,5,3,19,,10,10,,1190280,259,1,,1,1,,,,,,,2,,,,,,,,,,
300,4,1,11,17,37,55,392,509,41,4,2,8,4,34,1,16,10,1,1190531,23,,,1,,,,,,1,2,,,2,,,,,1,,,
301,1,1,4,25,34,45,312,426,23,3,3,,4,37,1,7,11,,1190531,31,1,,2,1,,,,,,,,,,,2,,,,,,
302,4,1,5,25,14,40.5,269,368,31,2,4,3,1,11,1,6,7,,1190257,166,,,,,,,,,,1,,,,,,,,,,,1
303,7,3,12,16,11,59.5,452,558,30,5,2,2,7,14,,14,4,1,1190257,30,,3,,4,,,,2,1,1,1,,,,,,1,,,,
304,5,1,3,18,11,44.1,319,407,27,7,,4,2,7,1,13,5,3,1190243,96,,,,,,,,1,,,2,1,,,,,,,,,
305,,,14,26,7,55.9,466,547,17,3,1,,4,11,2,7,14,1,1190243,15,1,2,,4,,,1,,,,,,,,,,,,,,
306,1,,15,11,19,29.9,214,300,21,4,4,2,,20,1,6,9,1,1190525,29,,,,,,,,1,,1,,,,,,,,,,,1
307,7,,15,17,20,70.1,607,704,21,8,,11,3,19,4,22,9,2,1190525,13,,,1,,,,,1,,1,,,1,1,,,,1,,,
308,6,,2,14,44,51,251,392,32,5,4,3,2,31,2,10,6,1,1190519,184,,1,1,1,,,,,,,,,,,2,,,,,,
309,4,3,6,17,31,49,240,380,29,6,2,1,7,44,2,14,14,1,1190519,96,,,1,,,2,,2,,1,,1,,,,,,1,,,
310,3,1,10,18,42,42.8,189,326,29,4,2,1,3,40,,8,15,3,1190486,96,,1,,1,,,,,,1,,1,,,,,,1,,,
311,8,1,4,9,40,57.2,303,428,25,5,,4,7,42,1,16,5,3,1190486,184,1,,3,1,,,,1,,,,,1,1,,,,,,,
312,9,1,3,6,29,71.9,525,632,38,8,2,10,2,17,2,20,7,4,1190492,26,,,,,,,,1,,,1,,1,,,,,,,,
313,2,,3,22,17,28.1,141,252,21,3,2,1,1,29,,5,14,3,1190492,96,,,1,,,,,,,,,,,,,,,,,,
314,9,,13,16,11,74.3,614,695,18,7,,2,10,15,1,19,10,3,1190445,167,1,1,1,3,,2,1,2,,1,,,3,1,,,,,,,1
315,1,1,6,17,15,25.7,162,246,21,1,,1,1,11,1,3,10,,1190445,175,,,,,,,,,,,,,,,,,,,,,
316,2,1,6,18,13,42.8,398,489,12,3,,1,2,16,1,6,8,1,1190323,211,,,,1,1,,,,,,,,,,1,1,,,,,
317,2,2,9,17,16,57.2,583,662,21,4,2,2,6,13,1,12,7,1,1190323,26,1,1,,5,,,,2,,,,,,,,,1,,1,,
318,10,2,5,16,26,54.5,285,396,36,3,4,10,8,24,,21,9,,1190337,184,1,1,1,2,,1,,2,,,,,1,1,1,,,,,,
319,4,3,10,11,24,45.5,228,342,27,6,2,,4,26,,10,12,2,1190337,31,,1,,1,,,,2,,,2,,,,,,,,,,
320,1,2,8,24,18,30.3,173,259,21,5,4,,3,17,,8,8,2,1190451,18,,,1,,,,,1,,1,1,,,,,,,,,,1
321,12,,14,13,17,69.7,506,583,20,5,2,6,2,18,1,13,10,2,1190451,167,,,,1,,1,1,2,,,,,,,,,,,,,
322,6,,11,25,13,51.4,370,460,23,4,5,2,1,11,1,7,6,1,1190479,32,,1,,1,,,,1,,,1,,,,,,,,,,
323,5,2,8,20,11,48.6,355,429,17,3,1,1,3,13,2,7,11,,1190479,27,,,,,,,,1,,,,,1,,,,,,,,
324,3,3,11,15,18,31.6,253,354,20,6,2,2,4,20,4,12,12,1,1190455,15,1,,,1,,,,,,,1,,,,,,,,,,
325,1,2,7,12,20,68.4,668,763,30,5,,,5,18,,10,9,1,1190455,26,,,1,,,,,2,,,1,,2,,1,,,,,,
326,6,2,8,21,21,31.9,208,287,16,5,6,2,6,18,2,13,13,,1190333,211,,,1,2,,1,1,2,,,,,,,1,,,,1,,
327,11,4,16,10,18,68.1,516,614,20,2,,6,7,21,,15,12,1,1190333,13,,,1,1,,,1,,,,,,1,,1,,,,,,
328,11,5,18,17,10,65.6,647,743,18,8,2,6,9,20,3,23,8,2,1190327,15,1,,,3,1,,2,1,,1,1,,1,,,,,1,,,
329,4,,6,17,20,34.4,299,390,16,4,1,2,2,10,2,8,13,1,1190327,23,,,1,1,,,1,1,,,,,,,,,,,,,
330,7,1,9,11,45,53.3,300,416,36,5,2,3,3,36,2,11,7,,1190441,259,,,1,,,,,1,,,,1,,,2,,,,,,
331,6,5,2,14,36,46.7,253,372,20,3,,2,8,45,1,13,15,2,1190441,18,,1,,1,,1,,,,,,,1,,,,,,,,
332,5,,6,16,18,26.2,126,210,6,6,2,2,1,20,3,9,13,1,1190469,175,,,,1,,,1,,,,1,,,,1,,,,,,
333,9,1,9,13,20,73.8,518,615,23,7,,6,5,18,4,18,12,1,1190469,30,,,1,,,,,,,,1,2,,1,1,,,,,,
334,1,1,8,20,16,51.1,506,584,17,5,1,2,3,7,1,10,13,2,1190496,259,,,1,,,,,2,,,,,1,,,,,,,,
335,2,,11,12,7,48.9,497,571,19,5,3,3,3,16,2,11,9,3,1190496,15,,,,1,,,,,,,,,2,,,,1,,,,
336,6,,12,13,23,51.7,395,479,29,4,6,8,3,19,2,15,15,1,1190482,175,,,,1,,2,1,1,,,,,,,,,,,,,
337,1,,11,13,19,48.3,357,452,20,5,1,1,1,23,1,7,5,2,1190482,259,,,,1,,,,2,,,,,,,,1,,,,,
338,1,,8,8,11,35.8,363,431,15,4,2,1,2,11,2,7,11,,1190521,166,,1,,1,,,,1,,,,,1,,1,,,,,,
339,3,1,12,10,11,64.2,707,769,21,4,10,3,5,11,1,12,4,1,1190521,15,,1,,3,,,1,1,,,,,1,,1,1,,,,,
340,4,1,6,19,22,48.9,261,367,28,5,6,1,4,16,,10,10,1,1190247,29,1,,,2,,1,,1,,,2,,,,1,,,,1,,
341,3,1,9,19,16,51.1,293,394,29,7,5,3,5,22,1,15,20,3,1190247,30,1,1,,3,,1,1,,1,2,1,,,,,,,1,,,
342,4,1,10,19,18,38.1,311,395,25,2,8,,2,7,1,4,8,,1190253,15,,,,,,,,,,,,,1,,1,,,,,,
343,8,,8,19,7,61.9,578,653,19,6,,5,6,18,3,17,13,2,1190253,167,,1,1,1,,,,1,,,,1,3,,,,,,,,
344,2,,5,18,16,32.2,230,327,12,3,2,2,,22,2,5,8,,1190535,31,,,,,,,,1,,,,,,,,,,,,,
345,7,2,11,19,22,67.8,569,679,26,9,4,8,8,16,1,25,4,7,1190535,15,,,2,,,,,1,,,,,3,1,,,,,,,
346,1,1,14,15,18,44.2,395,476,12,6,1,1,2,9,2,9,12,2,1190509,29,,,,,,,,2,,,,,,1,,,,,,,
347,6,3,17,16,9,55.8,519,601,25,7,2,3,6,18,3,16,12,2,1190509,32,,,1,,,,,1,,,,,2,,1,,,,,,
348,10,4,15,11,18,61.1,472,562,25,6,2,7,8,11,,21,15,3,1190284,26,,,1,3,,,2,1,,,1,,,,1,,1,,,,
349,2,,3,26,11,38.9,261,362,20,3,2,2,,18,1,5,9,1,1190284,18,,,,,,,,1,,,,,,,,,,,,,
350,3,3,7,13,23,58.5,515,614,12,8,,2,7,22,2,17,13,4,1190290,27,1,1,,2,,1,,1,,,,,1,,1,,,,,,
351,1,3,9,6,22,41.5,336,434,24,4,3,,6,23,2,10,10,,1190290,29,,,1,,,,,1,,,,,2,,1,,,,,,
352,5,,14,16,16,59.4,411,496,25,5,,4,3,16,,12,12,2,1190291,27,2,,,2,1,,,2,,1,,,1,,,,,,,,1
353,5,,13,14,16,40.6,257,346,25,3,,5,7,16,1,15,10,1,1190291,32,1,1,3,4,,,1,1,,,,,,,,,1,,,,
354,10,2,8,19,28,53.2,334,452,28,4,5,2,4,25,2,10,13,,1190285,211,,,1,,,,,1,,,,,1,,1,,,,,,
355,5,2,13,9,25,46.8,295,405,12,5,,1,4,28,2,10,8,1,1190285,162,,,1,,,1,,1,,,,,,,1,,,,,,
356,10,1,16,9,34,62.5,373,466,31,3,5,9,6,27,1,18,15,1,1190508,29,1,,2,1,,,,,,,1,,2,,,,,,,,
357,1,4,9,13,27,37.5,198,287,17,1,3,3,7,34,,11,21,,1190508,96,,1,,1,,1,,1,,,,,1,,,,,,,,
358,6,1,7,9,13,44.8,283,405,28,5,2,3,3,16,,11,12,1,1190252,32,,1,1,1,,,,2,,1,,,,,1,,,1,,,
359,3,1,8,11,16,55.2,394,509,29,5,1,4,4,13,2,13,14,1,1190252,30,,,,,,,,1,,,1,,2,1,,,,,,,
360,9,4,8,19,16,72.9,613,688,32,4,3,8,6,19,1,18,9,1,1190534,30,1,,,1,,,,2,,,,,,1,,,,,,,
361,5,,2,11,19,27.1,169,254,19,3,1,1,1,16,,5,7,1,1190534,183,,,,,,,,2,,,,,1,,,,,,,,
362,5,1,14,18,6,52.9,370,456,18,7,4,2,11,3,1,20,13,2,1190520,167,1,,2,4,,1,2,3,1,1,,,2,1,,,,,1,,
363,1,,13,17,3,47.1,327,412,26,4,2,1,2,6,,7,20,2,1190520,30,,1,1,1,,,,,,,1,,,,1,,,,,,
364,11,3,14,21,19,55.9,316,410,19,8,3,3,9,19,3,20,18,,1190246,162,1,1,1,2,1,1,,2,1,1,1,2,,,1,,,,,,
365,2,,15,23,19,44.1,238,331,25,3,1,1,2,19,2,6,15,,1190246,29,1,,,2,,,,,,,,,,,1,,1,,,,
366,4,1,8,14,27,38.7,171,292,31,2,,3,3,28,,8,9,,1190483,184,,,,2,,,1,1,,,1,,,,,,1,,,,
367,8,2,9,11,28,61.3,325,449,31,4,1,5,6,27,,15,10,3,1190483,14,,,1,1,,1,,1,,,,,,1,,,,,1,,
368,4,1,9,19,16,61.5,479,557,29,6,3,4,3,19,,13,11,2,1190497,30,1,,,2,,,1,1,,1,2,,,,,,,1,,,
369,,4,12,19,19,38.5,256,354,26,5,3,3,5,16,2,13,10,1,1190497,27,,,,,,,,2,,,,,1,,,,,,,,
370,11,1,7,7,15,52.9,373,464,26,11,3,4,5,17,1,20,8,3,1190468,183,,2,,2,,,,4,,,3,1,1,,,,,,,,
371,3,2,8,15,17,47.1,351,440,16,3,1,4,6,15,,13,9,,1190468,162,,,,2,,,,2,,,1,2,,,,1,1,,,,
372,4,,10,17,17,48.2,350,447,23,6,3,3,1,18,1,10,18,1,1190326,259,,,1,,,,,1,,1,,,,,2,,,,,,1
373,5,2,13,16,18,51.8,390,472,21,2,1,2,5,17,1,9,6,1,1190326,183,,,1,,,,,,,,,,1,1,,,,,,,
374,9,1,16,14,5,76.7,784,854,20,8,1,3,7,6,4,18,8,1,1190440,167,1,1,,3,,,,2,,,,1,2,1,1,,,,,,
375,1,2,8,25,6,23.3,182,261,21,2,3,1,4,5,1,7,12,1,1190440,27,,,1,1,,,1,,,,,,,,,,,,,,
376,6,1,16,16,22,57.6,472,544,18,5,1,11,11,11,3,27,12,1,1190454,259,1,,4,1,,1,,1,,,,1,2,1,,,,,,1,
377,,1,5,21,11,42.4,336,414,11,2,5,1,5,22,,8,9,2,1190454,96,1,1,2,2,,,,,,,,,,,,,,,,,
378,6,1,20,18,18,64.3,505,594,18,3,1,2,2,11,,7,13,2,1190332,259,1,,,1,,,,,,,1,,,,,,,,,,
379,3,2,19,21,11,35.7,257,336,22,4,1,4,5,18,2,13,11,2,1190332,162,,,,1,1,,1,,,,,1,1,,,,,,,,
380,7,1,16,12,39,65.8,484,588,26,8,,7,3,18,1,18,8,1,1190442,18,,1,,1,,,,3,,,3,,1,,,,,,,,
381,2,1,13,20,18,34.2,215,315,14,4,4,3,2,39,,9,10,1,1190442,211,,1,,1,1,,,1,,,1,,,,1,,,,,,
382,8,,4,12,12,30.7,147,246,15,4,1,,5,22,,9,13,2,1190324,183,,2,,4,,1,1,1,,,,,,,1,,1,,,,
383,11,1,11,19,22,69.3,441,539,25,10,,6,3,12,6,19,10,3,1190324,166,,,1,,,1,,,,,1,,,,,,,,,,
384,8,2,17,15,27,72.5,601,689,28,10,2,10,5,21,3,25,10,3,1190330,30,,1,1,1,,,,2,,,1,,,1,1,,,,,,
385,,1,10,20,21,27.5,190,266,19,3,6,,2,27,3,5,13,,1190330,175,1,,,1,,,,,,,,,,,,,,,,,
386,3,,4,16,17,63,467,582,30,9,3,6,3,18,4,18,9,1,1190456,23,1,,,1,,,,2,,,1,,2,,1,,,,,,
387,3,,6,24,18,37,222,339,22,2,1,2,,17,1,4,10,1,1190456,166,,,,,,,,,,,,,,,,,,,,,
388,6,,11,12,23,52.4,378,480,26,5,4,5,2,28,1,12,8,2,1190318,23,,,,,,,,,,,,,2,,2,,,,,,
389,3,,4,27,28,47.6,315,441,19,7,1,1,4,23,1,12,13,3,1190318,27,,1,1,3,,,1,2,,,,,1,,1,,,,,,
390,11,2,11,9,32,60.5,319,435,27,4,3,5,5,31,4,14,18,,1190481,27,,,,1,,2,1,,,,,,,,,,,,,,
391,1,2,3,13,31,39.5,179,292,21,2,2,1,4,32,,7,12,1,1190481,184,,,,2,,,1,1,,,,,,,,,,,1,,
392,5,1,5,21,21,40.3,251,350,13,4,1,4,6,22,1,14,12,2,1190495,18,1,1,1,2,,,,,,,1,,2,,,,,,,,
393,8,2,12,11,22,59.7,397,504,30,5,2,2,7,21,2,14,11,2,1190495,183,,,,1,,,,,,,1,1,3,,,,,,1,,
394,5,2,17,20,17,70.2,611,711,24,3,1,6,5,17,1,14,16,2,1190536,26,,,2,,,,,,,,,,1,,,,,,,,
395,7,,7,24,17,29.8,195,291,15,4,4,1,1,17,,6,6,,1190536,175,,,,,,1,,1,,1,1,,,,1,,,,,,1
396,9,3,8,14,10,73.4,660,766,24,6,,2,8,14,2,16,10,,1190250,26,1,,2,3,,,1,2,1,1,1,,,,,1,,,,,
397,2,,7,13,14,26.6,174,280,27,1,1,,,10,,1,8,,1190250,166,,,,,,,,1,,,,,,,,,,,,1,
398,5,2,9,14,29,47.1,343,451,22,3,4,4,5,24,2,12,9,1,1190244,184,,,,1,,1,,,,,,,1,,,,,,1,,
399,3,2,7,10,24,52.9,409,521,22,3,1,4,5,29,1,12,10,,1190244,23,,,1,,,,,2,,,,,1,1,,,,,,,
400,7,,7,25,19,54.7,333,432,21,8,,9,,25,1,17,12,3,1190522,96,,,,,,,,1,,1,2,,,,,,,1,,,
401,9,2,19,7,25,45.3,295,372,25,6,1,1,7,19,3,14,13,1,1190522,29,,3,1,3,1,,,,,1,,,1,,1,,,,,,1
402,9,3,13,12,17,68.7,439,539,38,5,1,4,7,16,,16,9,2,1190278,162,,2,2,2,,,,,,,2,,,,1,,,,,,
403,4,1,9,34,16,31.3,159,248,18,2,1,1,5,17,,8,26,,1190278,31,1,1,1,2,1,,,1,,,1,,1,,,,,,,,
404,6,1,5,18,12,45.1,257,345,20,8,5,8,8,23,3,24,14,2,1190293,162,,,3,2,1,,1,1,,,1,,2,,1,1,,,,,
405,3,2,10,19,23,54.9,352,442,21,3,3,3,5,12,1,11,14,,1190293,183,1,,1,2,,,,1,,,1,,,,,,1,,,1,
406,11,1,12,15,13,64.7,542,620,26,6,1,3,7,14,2,16,10,2,1190287,32,1,2,1,4,,,,1,,,,,,1,1,1,,,,,
407,4,2,12,18,14,35.3,260,344,12,6,1,1,5,13,2,12,9,4,1190287,23,1,,1,1,,,,,,,,1,,,,,,,,,
408,3,1,12,15,31,51.1,288,395,29,8,3,6,6,27,4,20,11,2,1190286,175,,,2,,,,,1,,,,,3,,1,,,,,,
409,7,1,10,15,27,48.9,271,380,24,3,1,5,2,31,,10,10,,1190286,162,,,1,,,,,2,,,1,,,,,,,,,,
410,5,1,16,18,5,58.2,544,624,16,2,3,2,5,5,,9,15,,1190292,167,,2,1,3,1,,1,2,,,,,,,,,,,,,
411,5,1,5,16,5,41.8,369,450,27,3,3,,3,5,2,6,15,,1190292,13,1,,1,1,,,,,,,,,,,1,,,,,,
412,7,2,7,19,16,70.3,716,813,17,8,2,6,7,13,2,21,10,,1190279,13,3,1,,5,,,,5,1,1,,,,,,,,,1,,
413,2,1,7,13,13,29.7,259,337,22,3,3,2,2,16,,7,12,,1190279,166,,,,,,1,,3,,,,,,,,,,,,,
414,6,2,8,21,29,50.8,323,429,24,3,,4,3,23,1,10,9,1,1190245,259,,1,,1,,,,1,,,,,,,,,,,,,
415,4,,12,17,23,49.2,340,433,22,2,3,2,4,29,1,8,16,1,1190245,27,,,1,2,,,,,,,,,1,,,1,,,1,,
416,2,2,14,12,11,21.5,149,223,17,3,2,2,3,10,,8,12,2,1190523,259,,,1,,,,,,,,1,,,,,,,,,,
417,5,3,19,17,10,78.5,763,834,22,10,1,3,10,11,2,23,6,1,1190523,167,2,1,2,4,,,1,5,,,1,,1,,1,,,,,,
418,2,,6,15,30,46.1,365,465,19,6,1,3,2,22,2,11,8,3,1190537,27,,1,,2,1,,,1,,,,,,,,,,,1,,
419,5,2,2,18,22,53.9,442,552,15,3,,,6,30,,9,10,1,1190537,13,,,2,1,,,,1,,,,,1,,1,,,,1,,
420,7,1,14,12,27,60.9,436,540,23,10,1,5,4,24,2,19,6,2,1190251,183,,,2,,,,,2,,1,1,,,1,2,,,,,,1
421,5,,10,19,24,39.1,221,347,18,4,3,3,1,27,1,8,10,2,1190251,14,,,,,,1,,1,,,,,,,,,,,,,
422,5,,9,23,21,63.5,467,580,27,9,,6,2,28,6,17,8,1,1190494,23,,,,,,1,,,,1,1,,1,,,,,1,,,
423,1,1,12,18,28,36.5,227,342,32,6,2,1,2,21,2,9,13,2,1190494,175,,,,1,,,1,,,,,,,,2,,,,,,
424,6,1,8,24,22,33.3,159,263,25,5,2,1,4,13,1,10,19,1,1190480,96,,,1,1,,,1,1,,1,,,1,,1,,,,,,1
425,3,2,17,15,13,66.7,454,550,19,5,3,6,4,22,,15,8,1,1190480,30,1,,,2,,,,2,,,2,,,,,1,,,,,
426,5,,10,12,23,47.8,330,415,31,7,,4,5,13,1,16,6,2,1190319,183,,,1,1,,1,1,2,,,1,,2,,1,,,,,,
427,4,1,13,23,13,52.2,371,458,10,9,6,2,4,23,4,15,12,,1190319,18,,1,1,1,,,,4,,,1,,1,,,,,,,,
428,2,,4,13,29,47.1,252,367,33,1,1,1,4,40,1,6,12,,1190331,31,1,,,2,,,,,,,,1,1,,,,1,,,,
429,5,1,7,23,40,52.9,281,396,31,2,,,3,29,1,5,9,,1190331,166,,,1,,,1,,,,,1,,,,,,,,,,
430,4,1,10,20,15,64,393,480,26,5,2,3,6,10,2,14,9,2,1190457,30,2,1,,5,,,1,1,,,,,,1,,,,,,,
431,4,5,9,23,10,36,193,265,17,7,4,1,9,15,2,17,13,3,1190457,14,1,1,,4,,,,,,,1,,,,1,1,1,,,,
432,8,6,11,27,17,68.3,609,712,18,7,1,2,12,19,,21,7,3,1190443,26,2,2,,4,,1,,3,1,1,,,1,,,,,,,,
433,2,,9,19,19,31.7,235,337,21,2,2,1,4,17,1,7,7,,1190443,29,1,,1,1,,2,,1,,,,,,,,,,,,,
434,4,1,22,22,18,30.6,219,299,21,1,3,2,2,14,,5,10,1,1190325,29,1,,,1,,,,,,,,,,,,,,,,,
435,3,,15,24,14,69.4,586,683,23,8,2,9,2,18,2,19,10,3,1190325,15,,,,,,,,3,,,,,2,,,,,,,,
436,6,,11,14,22,53.8,364,462,17,6,3,,3,9,1,9,13,4,1190328,211,,1,,2,,1,1,1,,,,,,,,,,,,,
437,7,1,18,10,9,46.2,316,396,24,2,1,5,6,22,1,13,5,1,1190328,96,,1,,2,,1,,,,,,,2,,,,1,,,,
438,9,,11,15,23,62.8,466,575,27,6,2,4,3,16,2,13,4,,1190300,18,,,1,,,,,2,,,1,1,,1,1,,,,,,
439,1,,7,11,16,37.2,239,344,32,2,1,2,1,23,,5,4,,1190300,184,,1,,1,,,,,,,,,,,2,,,,,,
440,8,,3,11,23,64.6,597,699,24,4,1,2,7,23,,13,11,1,1190466,13,2,,4,3,,,,1,,,1,,,,1,,1,,,,
441,6,1,4,12,23,35.4,266,370,19,4,2,3,8,23,1,15,7,3,1190466,18,1,,3,2,,,1,,,,,,1,1,,,,,,,
442,10,1,14,14,7,59.5,504,594,20,11,2,6,6,27,4,23,7,3,1190472,15,1,,1,1,,,,4,,,,,2,1,,,,,,,
443,6,,7,17,27,40.5,308,409,14,,2,3,2,7,,5,11,,1190472,29,,1,,1,,,,,,,,,1,,,,,,,,
444,5,4,18,10,14,58.3,478,565,22,7,2,4,4,14,4,15,9,1,1190314,32,,,,1,,,,1,,,,,,,1,,,,,,
445,,2,5,18,14,41.7,311,404,17,3,1,3,2,14,1,8,9,1,1190314,211,,,,,,,,,,,,,,,1,,,,,,
446,5,1,12,12,20,50.2,282,367,16,2,3,5,8,19,1,15,12,,1190499,162,1,1,3,3,,,1,1,,,,,1,,,,,,,,
447,6,,8,14,19,49.8,249,347,30,6,1,3,3,20,2,12,16,2,1190499,211,,1,1,2,,,,2,,,,,,,,,1,,,,
448,3,1,8,14,22,40.4,214,324,20,5,4,1,3,20,2,9,6,2,1190248,14,,,,2,,,,,,,1,,,,,1,,,1,,
449,10,,6,19,20,59.6,374,470,30,7,1,6,2,22,3,15,10,2,1190248,31,,,1,,,,,1,,,1,,1,,,,,,,,
450,10,1,9,7,21,51.6,302,415,30,6,1,7,3,25,3,16,3,2,1190274,14,,,,1,,1,1,,1,1,,,,,,,,,,,
451,7,1,3,23,25,48.4,282,382,20,7,6,3,4,21,1,14,11,3,1190274,184,,,2,,,,,2,,,,1,,,1,,,,,,
452,8,,15,10,23,44.4,352,428,20,6,1,5,2,18,2,13,9,2,1190512,183,,,1,,,1,,1,,,1,,,,,,,,,,
453,5,2,10,19,18,55.6,474,556,21,1,3,8,4,23,1,13,8,,1190512,32,,1,,2,,,,,,,,,,,,1,,,,,
454,5,1,25,22,14,48,371,464,20,1,5,4,3,9,,8,11,1,1190506,30,,1,1,1,,,,,,,,,,,,,,,,,
455,7,,13,14,9,52,426,511,18,5,1,6,6,14,1,17,12,1,1190506,167,,2,1,3,1,1,,1,1,1,1,,1,,,,1,,,,
456,2,2,5,20,34,37.9,196,294,21,2,5,2,5,25,1,9,14,,1190260,31,2,,,3,1,,1,,,,,,,,1,,,,,,
457,5,1,13,14,25,62.1,356,472,36,6,1,2,3,34,4,11,12,,1190260,27,2,,,2,,,,1,,,,,,,1,,,,,,
458,6,,11,12,24,62.9,459,551,32,3,4,1,7,18,,11,10,1,1190507,30,,,2,1,,1,,1,,,1,,2,1,,1,,,,,
459,4,1,7,21,18,37.1,211,319,17,9,1,2,3,24,3,14,8,3,1190507,23,,,1,,,,,1,,1,1,,1,,,,,1,,,
460,1,1,3,14,20,32.2,196,295,21,1,1,2,5,17,,8,11,,1190261,23,,1,2,1,,,,,,,1,,1,,,,,,,,
461,5,1,10,16,17,67.8,515,613,24,9,2,6,2,20,3,17,6,2,1190261,26,,,,1,,,,3,,,1,,,,,,1,,,,
462,8,3,6,23,22,39.2,204,296,16,4,3,6,7,24,1,17,12,3,1190275,184,1,1,2,2,,,,,,,,,,,,,,,,,
463,6,,15,10,24,60.8,379,471,25,9,1,4,1,22,1,14,12,3,1190275,259,,,,,,,,3,,,1,,,1,1,,,,,,
464,6,,12,11,21,46.4,273,374,31,7,6,5,3,15,2,15,11,1,1190513,211,,,,,,2,,2,,,1,,1,,1,,,,,,
465,1,,7,14,15,53.6,340,448,18,2,1,,4,21,,6,13,1,1190513,14,1,1,,2,,1,,,,,1,,1,,,,,,,1,
466,6,2,10,15,13,65.2,612,697,17,8,2,6,11,30,3,25,7,1,1190249,13,1,,4,2,,,,2,,1,,,3,,1,,1,1,,,
467,5,,10,10,30,34.8,269,357,26,5,3,3,1,13,1,9,8,2,1190249,211,,,1,,,,,,,1,1,,,,,,,1,,,
468,,,5,23,12,24.6,201,280,23,2,4,1,1,5,,4,5,1,1190498,29,,1,,1,,,,,,,,,,,1,,,,,,
469,7,4,13,15,5,75.4,807,876,15,7,1,4,8,12,3,19,11,4,1190498,167,1,,,4,,,2,,,,,,1,,,,,,,,
470,4,2,21,28,12,59.2,485,560,27,4,1,2,5,13,2,11,10,1,1190473,162,,2,,2,,,,,,,1,,1,,,,,,,,
471,2,1,9,34,13,40.8,300,379,17,6,1,,1,12,3,7,11,2,1190473,175,,,,,,,,,,,,,,,1,,,,,,
472,12,5,9,18,25,75.1,562,656,24,6,4,11,16,12,2,33,11,,1190315,13,1,,5,1,,,,2,1,1,,1,2,2,1,,,,,,
473,1,1,7,15,12,24.9,147,222,12,1,,3,4,25,,8,10,1,1190315,32,2,,,3,,,1,,,,,,,,,,,,,,
474,12,,18,13,14,79.4,644,736,30,12,1,8,3,14,2,23,8,3,1190301,26,,,,1,,,,4,,,1,,,2,2,,1,,,,
475,1,,1,21,14,20.6,99,197,11,1,,,2,14,,3,11,1,1190301,31,,,1,1,1,,,,,,,,,,,,,,1,,
476,2,2,2,14,25,39.2,288,384,16,1,5,2,8,17,,11,9,,1190467,27,,1,3,2,,,1,,,,1,,1,,,,,,,,
477,5,,9,8,17,60.8,474,577,25,4,3,4,1,25,1,9,11,2,1190467,23,,1,,1,,,,,1,1,,,,,,,,,,1,
478,6,1,11,13,31,53.3,274,405,29,5,7,2,3,27,,10,11,1,1190329,175,1,,,1,,,,3,,,,1,,,1,,,,,,
479,3,1,8,29,27,46.7,231,360,24,4,5,5,7,31,1,16,9,1,1190329,166,1,1,2,2,,,,2,,,,1,,1,,,,,,,
480,7,1,3,10,25,66.1,487,569,16,6,1,3,5,16,2,14,18,2,1190459,18,,1,,3,2,,2,,,1,1,,1,,,,,,,,1
481,2,1,6,12,16,33.9,192,287,13,6,,2,8,25,,16,10,6,1190459,29,,1,1,2,,2,,,,,,1,1,,,,1,,,,
482,6,,13,20,28,54.3,365,461,25,8,1,7,3,21,2,18,8,1,1190317,259,,,1,1,,,,4,,,1,,1,,,1,,,,,
483,3,,6,15,21,45.7,298,396,30,3,2,3,1,28,2,7,18,,1190317,175,,,1,,,,,1,,,,,,,,,,,,,
484,7,2,4,16,18,51.4,303,416,22,5,3,1,4,22,2,10,14,2,1190471,184,1,,,1,,1,,,,,1,,,,,,,,,,
485,8,1,2,10,22,48.6,305,401,25,5,1,6,5,18,2,16,9,,1190471,183,,1,1,2,,1,,,,,,,,,3,1,,,,,
486,1,,8,18,20,41.1,185,283,19,4,2,1,2,22,3,7,18,,1190465,96,,,1,1,,,,1,,,,,,,,1,,,,,
487,7,,18,7,22,58.9,315,411,26,7,2,4,2,20,1,13,12,3,1190465,162,,1,,2,,,1,2,,,,,,,1,,,,,,
488,2,,11,19,22,43.9,325,411,21,2,2,1,5,26,1,8,16,,1190303,31,1,,1,4,,,2,1,,,,,,,,,1,,,1,
489,6,,17,11,26,56.1,406,511,30,3,1,1,3,22,,7,6,,1190303,29,,,1,,,1,,2,,1,,,1,,,,,,,1,1
490,10,1,11,15,20,75.1,663,749,28,6,3,11,8,20,1,25,5,1,1190539,30,,,2,2,,,,3,,,,,3,,1,1,1,,,,
491,2,1,5,13,20,24.9,161,248,20,2,1,1,4,20,,7,10,1,1190539,211,,,,,,2,,1,,,,,,1,,,,,,,
492,5,1,4,14,21,29.5,171,262,21,1,1,10,6,29,,17,11,,1190263,96,1,,1,2,,,1,1,,,,,2,,,,,,,,
493,6,1,15,14,29,70.5,533,620,20,12,3,6,3,21,5,21,10,2,1190263,18,,,1,1,,,,2,,,1,,,,2,,,,1,1,
494,6,1,3,25,33,50.6,336,447,27,5,1,5,7,28,,17,10,,1190505,259,,1,1,1,,,,3,,,2,1,3,,,,,,,,
495,3,2,5,17,28,49.4,331,437,19,5,,4,3,33,2,12,11,,1190505,31,,,1,1,,,,2,,1,,,,,,,,,,,1
496,6,4,10,16,27,69.6,549,647,18,8,3,5,11,24,3,24,9,1,1190511,13,,3,1,3,2,,,1,,1,1,,3,,1,,,,,,1
497,5,2,7,11,24,30.4,178,273,21,4,3,2,2,27,2,8,13,1,1190511,96,,,,,,,,,,,,,,,1,,,,,,
498,10,,13,22,15,77,664,753,20,5,2,11,8,17,,24,5,,1190277,167,,2,,2,,1,,,,,3,1,4,,2,,,,,,
499,4,1,12,20,17,23,158,220,19,3,4,,4,15,1,7,7,1,1190277,29,1,,,1,,,,,,,,1,1,,1,,,,,,
500,4,,9,23,18,37.4,240,336,22,3,2,,4,16,1,7,7,1,1190288,14,,1,,2,,,,1,,,,,1,1,,,1,,,,
501,9,3,10,19,16,62.6,465,561,25,9,1,3,6,18,5,18,10,2,1190288,30,,,1,1,,,,1,,,1,1,,,,1,,,,,
502,3,,5,8,34,49,251,377,18,2,6,1,5,41,,8,10,1,1190289,184,,1,2,1,,,,1,,,,,1,1,,,,,,,
503,5,1,4,10,41,51,276,394,20,8,3,1,2,34,5,11,12,,1190289,27,,,,,,1,,2,,,,,,,1,,,,,,
504,8,1,11,4,12,67.7,552,629,20,8,1,4,8,10,2,20,11,3,1190510,13,1,3,1,4,,,,2,,,,,2,,1,,,,,,
505,6,1,7,10,10,32.3,201,297,19,4,1,3,4,12,,11,9,,1190510,29,,1,,1,,,,2,,1,1,,2,,,,,,,,1
506,5,,18,19,23,49.3,300,381,27,3,,1,4,28,1,8,9,,1190276,29,,,,1,,,,2,,,,1,2,,,1,,,,,
507,5,,9,24,28,50.7,313,404,21,5,1,,2,23,1,7,12,3,1190276,14,1,,,1,,1,,,,,,,,,1,,,,,,
508,3,1,5,20,17,50.1,339,421,22,3,4,1,3,19,1,7,8,,1190262,166,,,,1,,,,2,,,,,1,,,1,,,,,
509,5,,9,13,19,49.9,330,417,30,2,4,4,3,17,1,9,15,1,1190262,175,,,1,,,,,,,,,,2,,,,,,,,
510,4,1,8,14,23,42,277,377,25,2,1,1,7,12,,10,13,1,1190504,18,,2,2,2,,1,,,,,,,,1,1,,,,,,
511,7,,15,11,12,58,420,518,28,4,2,8,5,23,1,17,14,,1190504,15,1,1,,3,,,,,,,2,,2,,1,,,,1,,
512,4,1,5,8,14,49.7,354,448,19,3,,5,3,7,1,11,19,2,1190538,14,1,1,,2,,,,,,,,,,,,,,,,,
513,6,1,12,17,7,50.3,371,448,20,9,5,4,6,14,1,19,8,2,1190538,32,,1,2,2,,1,,4,,1,1,,,,,,,1,1,,
514,1,,7,20,25,47.5,300,414,18,3,2,2,3,29,,8,12,2,1190464,175,,1,,1,,1,,1,,,,,1,,,,,,,,
515,6,1,6,10,29,52.5,369,461,21,6,2,1,4,25,2,11,9,2,1190464,184,1,,,2,,1,,,,,1,,,,1,1,,,,,
516,5,2,9,27,15,54,379,492,38,2,2,3,5,14,1,10,9,1,1190302,162,,1,,2,,,1,,,,,,1,,,,,,,,
517,2,1,13,20,14,46,327,425,38,6,1,1,3,15,1,10,5,4,1190302,96,,1,1,1,,,,1,,,,,,,,,,,,,
518,2,,9,10,14,48,335,442,22,5,5,,1,16,,6,9,,1190316,29,,1,,1,,,,3,,1,,,,,1,,,1,,,
519,3,,10,20,16,52,381,488,25,7,1,1,7,14,4,15,13,1,1190316,26,,3,3,4,,,,1,,,,,,,1,1,,,,,
520,5,1,8,17,29,41,234,357,26,6,3,3,4,30,3,13,13,1,1190470,211,,,,1,,2,,,,,1,,1,,1,,,,,,
521,3,,8,16,30,59,402,517,18,4,3,5,5,29,,14,7,2,1190470,166,,,3,1,,,1,2,,,,,,1,,,,,,,
522,3,1,8,11,22,54.4,325,415,27,5,2,1,3,31,1,9,14,3,1190458,31,,,,1,,,1,1,,,,1,,,,,,,,,
523,4,1,11,17,31,45.6,264,358,21,2,4,4,5,22,,11,12,,1190458,18,,,2,1,,,1,1,,,1,,1,,,,,,,,
524,3,,4,16,23,38.1,245,359,27,4,4,1,1,25,1,6,12,2,1190474,31,,,,,,,,1,,,,,1,,,,,,,,
525,2,1,8,12,25,61.9,472,588,29,4,1,3,3,23,,10,7,1,1190474,26,,,1,,,,,1,,,2,,1,,,,,,,,
526,10,1,7,20,14,68.4,491,583,27,6,3,4,2,16,4,12,6,1,1190312,30,1,,,1,,,,1,,,,,,,,,,,,,
527,9,,8,19,16,31.6,185,268,22,5,4,3,3,14,2,11,7,2,1190312,162,,,1,,,,,1,,,,,2,,,,,,,,
528,3,,8,16,11,20.5,94,184,19,3,3,1,,19,1,4,10,1,1190306,166,,,,1,,,,,,,,,,,1,,,,,,
529,7,1,15,21,19,79.5,642,733,16,7,3,2,5,11,1,14,10,2,1190306,167,,1,1,2,1,,,2,,1,,1,,,1,,,,1,,1
530,6,1,17,11,14,56.6,396,479,15,5,4,6,4,22,1,15,10,1,1190460,29,,1,,3,,,,,,,3,,,,,1,,,1,,
531,6,,11,10,22,43.4,283,365,11,3,1,4,7,14,,14,13,,1190460,31,,1,2,1,,,,2,,,1,1,3,,,,,,,,
532,2,1,11,10,40,48.4,161,279,30,4,5,3,4,43,1,11,12,2,1190448,96,,,1,,,1,,,,,,,1,,1,,,,,,
533,6,,6,13,43,51.6,185,300,28,5,,4,2,40,1,11,12,2,1190448,27,,,1,,,,,1,,,,,1,,1,,,,,,
534,9,,3,18,19,48.7,254,365,29,3,2,5,1,21,1,9,9,2,1190500,166,,,,1,,,1,,,,,,,,,,,,,,
535,6,1,5,20,21,51.3,294,405,27,,1,2,2,19,,4,8,,1190500,27,,,,,,,,,,,,,1,,,,,,,,
536,7,,9,18,24,46.9,285,385,18,3,5,6,3,25,1,12,12,1,1190266,211,,1,1,1,,1,,1,,,,,,,,,,,,,
537,1,3,12,20,25,53.1,354,451,22,5,1,2,6,24,,13,10,3,1190266,31,1,,1,1,1,,,1,,,1,,,1,,,,,,,
538,3,,12,11,18,61.8,495,583,24,6,1,4,2,28,1,12,11,3,1190272,18,,1,,2,1,,,2,,,,,,,,1,,,,,
539,8,1,9,14,28,38.2,260,347,19,8,,6,5,18,4,19,12,1,1190272,23,1,,1,2,,,1,1,,1,1,,1,,,,,,,,1
540,3,3,10,22,19,35.9,251,357,26,2,,1,5,15,,8,6,,1190514,211,1,,1,1,1,,,1,,,1,,,,,,,,,,
541,5,1,13,10,15,64.1,537,634,24,5,,5,6,19,3,16,5,1,1190514,30,,,,1,,1,1,,,,,1,2,,1,,,,,,
542,7,,8,18,23,53.5,380,503,27,3,3,4,4,18,1,11,9,1,1190528,13,1,,,3,,,1,,,,,1,,,1,,,,1,,
543,8,2,13,21,18,46.5,334,436,22,5,1,,9,23,3,14,11,,1190528,26,2,1,2,3,,,,2,,,,,2,,,,,,,,
544,15,1,12,22,9,61.1,518,608,25,7,,4,10,21,,21,10,3,1190299,15,1,,1,1,,2,,2,,,1,,5,,1,,,,,,
545,1,,4,16,21,38.9,315,404,22,1,,1,,9,,2,7,,1190299,259,,,,,,,,,,,1,,,,,,,,,,
546,5,,9,13,24,36.3,269,350,9,3,4,3,2,19,1,8,8,,1190298,184,,,,,,,,,,1,,1,1,,1,,,1,,,
547,5,,14,11,19,63.7,531,636,20,9,3,7,2,24,1,18,14,3,1190298,13,1,,1,1,1,,,1,,,1,,,,3,,,,,,
548,4,,8,13,12,56.4,482,570,21,3,2,4,2,10,1,9,14,,1190529,32,,,,1,,,,1,,1,,,1,,,1,,,,,1
549,9,2,8,10,10,43.6,342,427,14,4,,3,7,12,1,14,12,1,1190529,183,,,1,,,,,1,,,,1,3,,1,,,,,,
550,5,,3,15,13,40.2,280,360,23,2,1,2,3,20,1,7,12,1,1190273,259,,2,1,2,,,,,,,,,,,,,,,,,
551,3,,12,16,20,59.8,458,539,18,1,,4,2,13,,7,16,,1190273,166,,,2,,,,,1,,,,,,,,,,,,,
552,5,,10,27,13,48.7,384,494,21,7,4,3,4,13,3,14,4,3,1190515,15,1,,2,1,,,,,,,,,1,,1,,,,,,
553,5,,10,20,13,51.3,435,528,25,3,3,3,6,13,1,12,11,1,1190515,30,,1,1,3,,1,1,1,,,,,,1,,,,,1,,
554,7,3,13,26,11,61.8,535,619,13,10,4,3,7,11,4,20,9,2,1190501,26,3,,,3,,,,2,,,1,,1,,1,,,,,,
555,5,,5,15,11,38.2,290,375,17,2,4,3,1,11,,6,9,1,1190501,183,,,,,,,,1,,,,,1,,,,,,,,
556,7,1,9,12,25,62.1,356,454,21,8,2,7,5,30,,20,11,3,1190267,184,1,,1,1,,,,3,,1,1,,2,,,,,1,,,
557,4,,6,9,30,37.9,189,285,18,1,1,1,6,25,1,8,14,,1190267,29,,,,1,,1,1,,,,,1,1,2,,,,,,,
558,6,2,15,19,12,54.3,316,428,28,4,,4,5,35,,13,10,,1190449,27,,,1,1,,,,,,,3,,,1,1,1,,,,,
559,5,2,7,26,35,45.7,232,350,33,4,1,1,2,12,2,7,9,1,1190449,31,,,,,,,,,,,,,,,1,,,,,,
560,6,3,7,16,13,74.3,668,778,29,8,1,6,12,19,4,26,12,1,1190307,167,1,,2,2,,,,3,,,,,4,1,,1,,,,,
561,5,,9,15,19,25.7,157,270,13,3,1,2,2,13,,7,11,,1190307,18,,,1,1,,,,2,,1,,,,,,1,,,,,1
562,8,,8,23,22,54,328,417,21,4,2,7,2,17,2,13,8,1,1190461,14,,,1,,,,,1,,,,1,,,,,,,,,
563,3,1,12,20,17,46,269,363,35,3,2,7,3,22,1,13,9,1,1190461,29,1,,,2,,,1,,,1,,,,,,,,,,,1
564,7,1,4,18,13,45,308,399,23,11,,5,3,23,4,19,11,3,1190475,166,,,1,,,,,1,,1,2,,1,,,,,,,,1
565,4,1,12,11,23,55,414,519,27,3,2,2,4,13,1,9,7,1,1190475,13,,,,1,,,1,,,,,,2,,1,,,,,,
566,4,1,12,14,12,33,296,375,13,2,4,1,3,9,,6,12,1,1190313,18,,,1,1,,,1,,,1,,,,,,,,,,,1
567,5,1,9,13,9,67,664,758,19,4,1,1,6,12,3,11,10,,1190313,13,,1,1,1,,,,,,,1,,2,1,,,,,,,
568,10,1,7,14,20,79.2,630,720,37,10,1,3,2,15,2,15,9,3,1190463,167,,,,,,,,3,,,1,,1,,1,,,,,,
569,1,1,3,18,15,20.8,108,193,23,2,1,,3,20,1,5,4,1,1190463,166,,,1,,,,,,,,,,1,,,,,,,,
570,2,3,14,22,20,35.4,225,329,20,2,4,1,5,13,,8,16,,1190305,32,1,,,1,,,,1,,,1,,1,,,,,,,,
571,8,2,17,18,13,64.6,502,606,20,3,,4,7,20,,14,10,,1190305,167,,1,2,2,,,,2,,,,1,,,1,,,,1,,
572,5,1,11,16,25,39.9,244,349,24,4,4,5,1,34,,10,8,1,1190311,96,,,,,,,,1,,,1,,,,1,,,,,,
573,10,2,11,14,34,60.1,445,548,23,3,2,4,7,25,,14,10,1,1190311,26,1,,,3,,1,1,,1,1,1,,1,,,,,,1,,
574,7,4,9,10,10,72.3,658,737,21,5,1,6,11,17,1,22,3,1,1190477,26,1,2,2,4,,1,,2,,,,,,,1,1,,,,,
575,3,1,6,17,17,27.7,194,275,13,,1,1,1,10,,2,6,,1190477,211,,,,,,,,,,,,,,,,,,,,,
576,4,1,9,22,25,58.4,468,553,13,3,1,5,7,21,1,15,8,,1190339,13,,3,1,5,,,1,1,1,1,,,,,,,,,1,,
577,6,1,13,11,21,41.6,306,376,27,4,3,4,2,25,1,10,8,2,1190339,31,,,,1,,,1,,1,1,,,,,,,,,,,
578,7,2,11,15,13,38.4,243,344,26,6,1,1,6,16,,13,12,4,1190488,175,,,,2,,,1,,,,1,,2,,1,,1,,,,
579,4,1,14,11,16,61.6,492,584,14,4,2,2,3,13,,9,5,2,1190488,26,,,,2,,,1,2,,,,,,,,,,,1,,
580,4,,9,13,27,56.5,365,478,24,5,4,3,1,30,1,9,10,2,1190517,31,,,,1,,,,,,,,,,,2,,,,1,,
581,6,,11,19,30,43.5,230,362,26,4,1,3,2,27,1,9,11,,1190517,23,,,1,,,1,,2,,,,,,,1,,,,,,
582,5,1,5,12,7,79.3,814,892,18,9,2,,11,18,4,20,5,2,1190271,167,3,2,1,7,,,,3,,,,,2,,,,1,,1,,
583,,,6,12,18,20.7,152,231,13,3,1,1,1,7,2,5,8,1,1190271,96,,,,2,,,,,,,,,,,,,,,1,,
584,2,1,6,22,19,43.2,287,375,29,3,1,2,4,24,1,9,15,1,1190265,29,,,,1,,,,,,1,,,1,1,,,,,1,,1
585,1,,6,14,24,56.8,412,501,29,3,,2,1,19,,6,13,1,1190265,259,,,,,,,,1,,,,1,,,1,,,,,,
586,2,2,6,22,20,28.2,173,274,18,2,1,2,4,21,1,8,11,,1190503,23,,1,,2,,,1,1,,,,,,,,,,,,,
587,5,1,9,25,21,71.8,590,695,22,8,2,4,3,20,2,15,9,4,1190503,13,,,,1,,,,2,,,,,1,,,1,,,,,
588,6,1,12,17,8,59.3,474,566,21,6,2,5,7,17,2,18,6,1,1190259,32,,4,2,4,,,,3,,,,,,,,,,,,,
589,5,,10,20,17,40.7,295,377,17,4,1,1,1,8,1,6,9,,1190259,162,,,,,,,,1,,,1,,,1,1,,,,,,
590,4,4,10,14,19,54,370,471,27,6,,4,8,17,2,18,16,2,1190258,15,,,,1,,,,1,,,1,,2,1,,1,,,,,
591,7,,4,13,17,46,301,396,29,3,,5,2,19,2,10,20,,1190258,32,,,2,,,,,1,,,,,,,,,,,,,
592,7,1,10,25,27,34.9,205,295,11,3,1,2,4,31,,9,12,1,1190264,175,,1,,2,,,1,2,,,,,1,,,,,,,,
593,6,,9,21,31,65.1,464,552,22,6,1,6,3,27,,15,11,4,1190264,27,1,1,,2,,,,2,,,,,1,,,,,,,,
594,4,1,14,15,14,70.3,658,742,16,6,4,4,4,15,2,14,8,2,1190502,32,,,3,,,,,1,,,1,,,,,,,,,,
595,4,1,9,9,15,29.7,218,312,16,4,1,2,4,14,1,10,13,2,1190502,175,,,1,1,,1,1,1,,,,,,,,,,,,,
596,10,,17,13,21,77.9,722,831,31,6,2,11,5,19,3,22,7,2,1190516,15,,1,1,1,,1,,1,,,,,1,1,,,,,,,
597,,1,3,24,19,22.1,137,243,10,1,,,2,21,,3,10,1,1190516,166,1,,,1,,,,,,,,,,,,,,,,,
598,7,2,22,17,11,62.2,500,580,32,8,3,6,5,11,2,19,7,,1190270,26,,,3,,,,,2,,,3,,,,1,,,,,,
599,3,1,10,21,11,37.8,267,354,23,2,1,3,1,11,1,6,13,,1190270,32,,,,,,,,,,,,,,,1,,,,,,
600,3,2,6,9,33,44.5,218,339,24,2,4,4,4,22,,10,5,1,1190489,184,,,1,,,,,,1,1,,,1,,,,,,,,
601,4,,4,11,22,55.5,321,432,23,4,3,4,2,33,3,10,17,,1190489,211,,,1,,,,,,,,1,,,1,,,,,,,
602,4,2,13,23,31,40.6,234,367,26,5,,3,5,27,1,13,8,1,1190338,183,,,,2,,,2,3,,,,,1,,,,,,,,
603,5,1,5,20,27,59.4,409,550,24,5,4,4,3,31,1,12,10,2,1190338,13,,1,,1,,,,1,,1,,,1,,,,,,,,1
604,7,1,13,19,12,53.5,504,587,22,3,,9,4,7,1,16,10,1,1190310,26,,1,1,1,,,,,,,,,1,,1,,,,,,
605,8,,18,23,7,46.5,411,497,19,5,5,3,3,12,2,11,7,1,1190310,15,,,1,1,,,,1,,,1,1,,,,,1,,,,
606,7,,10,9,24,66.3,413,518,24,5,3,2,1,31,1,8,7,4,1190476,14,1,,,1,,,,,,,,,,,,,,,,,
607,5,,4,13,31,33.7,162,272,27,3,3,1,4,24,1,8,14,1,1190476,23,,1,,2,,1,1,1,,,,,1,,,,,,,,
608,7,,9,18,21,49.9,322,424,21,4,3,7,5,15,1,16,16,3,1190462,27,,1,2,2,,1,,,,,,,,,,,,,1,,
609,4,1,9,20,15,50.1,338,426,20,4,4,3,6,21,1,13,6,,1190462,183,2,,,2,1,1,,1,,1,1,,2,,,,,,,,1
610,4,2,6,15,26,47.2,284,379,28,3,,1,7,27,1,11,12,1,1190304,96,2,,2,2,,,,,,,1,,1,,,,,,,,
611,10,,6,14,27,52.8,337,424,24,5,5,5,4,26,2,14,8,2,1190304,14,,,,2,,2,1,1,,,,,,,,1,,,,,
612,13,3,11,19,35,66.2,358,483,25,8,,2,9,30,2,19,10,2,1190439,14,,,4,1,,,,1,,1,1,1,1,,1,,,1,,,
613,1,,8,19,30,33.8,138,257,31,2,2,2,2,35,1,6,16,1,1190439,96,,1,,1,,,,,,,,,1,,,,,,,,
614,7,,8,17,30,43.8,267,362,30,3,1,1,2,18,,6,6,3,1190405,175,,,,1,,,1,,,,,1,,,,,,,,,
615,6,1,12,17,18,56.2,363,474,32,5,2,3,6,30,4,14,7,,1190405,14,,2,,4,,1,1,,,,,,,,1,,,,1,,
616,3,,13,17,16,34.1,204,302,14,4,2,2,3,14,3,9,15,,1190363,26,,1,,2,,,,,,,,,1,,1,1,,,,1,
617,7,3,10,16,14,65.9,473,590,20,2,2,5,6,16,1,13,9,,1190363,30,,1,1,2,1,,,1,,,,,,,,,1,,,,
618,4,1,17,22,14,37,226,331,21,7,,4,3,13,2,14,10,2,1190377,183,,1,1,1,,,,2,,1,,,,,,,,,,,1
619,5,2,17,22,13,63,465,559,20,1,3,3,8,14,,12,7,,1190377,30,1,,,4,,,1,,,,,,1,1,1,1,,,1,,
620,10,3,16,14,13,49.9,411,494,21,11,1,1,6,16,2,18,13,7,1190411,30,1,,,1,,1,,2,,,,,,1,,,,,,,
621,2,,8,12,16,50.1,413,509,10,3,6,2,1,13,1,6,9,,1190411,13,,,,,,,,2,,,,,,1,,,,,,,
622,7,2,17,19,16,25.5,124,205,13,4,4,4,2,15,2,10,14,1,1190388,162,,,,,,,,,,,1,,,,,,,,,,
623,8,2,14,14,15,74.5,550,626,18,4,2,7,4,16,1,15,11,2,1190388,167,,,,,,1,,1,,,,,1,,,,,,,1,
624,3,1,7,10,13,21.8,130,213,18,2,6,2,2,13,1,6,6,1,1190175,211,,,,,,1,,,,,,,,,,,,,,,
625,10,2,6,10,13,78.2,691,768,17,5,1,5,4,13,,14,9,2,1190175,167,1,,,2,,,,,1,1,2,,1,,,,,,,,
626,7,,6,17,15,50.7,375,464,19,5,4,6,1,12,1,12,14,2,1190217,31,,,,,,,,1,,,,1,,,1,,,,,,
627,3,2,10,13,12,49.3,367,458,22,6,3,3,6,15,2,15,14,1,1190217,30,,1,,3,,,,1,,,2,,1,,,,,,2,,
628,3,,8,10,20,42.2,244,334,29,5,,3,,20,2,8,7,,1190203,27,,,,,,,,3,,,,,,,,,,,,,
629,11,1,5,12,20,57.8,359,433,15,8,5,6,2,20,1,16,18,5,1190203,211,,,,,,,,,1,1,,,1,,1,,,,,,
630,11,1,7,14,13,74.9,674,757,27,14,,4,8,17,4,26,11,1,1190202,30,,,2,,,1,,8,,1,,,3,1,,,,,,,1
631,1,,10,17,17,25.1,164,257,7,4,,,,13,,4,9,2,1190202,259,,,,,,,,1,,,,,,,1,,,,,,
632,3,2,7,15,22,52,333,456,31,1,5,1,2,26,,4,9,1,1190216,184,,,,,,,,,,,,,,,,,,,,,
633,4,,6,25,26,48,316,417,31,5,3,2,2,22,1,9,14,1,1190216,166,,,,,,,,1,,,2,,2,,,,,,,,
634,9,2,16,23,18,70,538,632,21,9,5,8,10,18,2,27,9,3,1190174,13,2,,1,4,,1,1,1,,,2,,2,,1,,1,,,,
635,4,,5,17,18,30,167,263,31,3,3,,3,18,1,6,12,1,1190174,14,1,,,3,,,,1,,,,,,,,,,,2,,
636,12,,7,10,24,81.2,608,679,34,15,2,11,4,30,4,30,9,7,1190389,166,,,1,,,1,,3,1,1,,,2,,,,,,,,
637,,,5,17,30,18.8,88,169,18,,3,,,24,,,9,,1190389,259,,,,,,,,,,,,,,,,,,,,,
638,10,1,8,13,26,52.7,263,370,28,10,1,4,3,38,2,17,14,2,1190376,175,,,2,,,,,3,,,1,,,,2,,,,,,
639,2,,3,16,38,47.3,238,344,31,4,1,,3,26,2,7,13,,1190376,31,,,1,,,,,1,,,,,1,1,1,,,,,,
640,3,,6,15,19,28.2,204,295,17,1,1,,2,18,,3,5,,1190410,259,1,,,1,,,,,,,,,1,,1,,,,,,
641,9,1,6,15,18,71.8,662,756,25,11,1,6,4,19,,21,9,5,1190410,26,,,,,,,,3,1,1,2,,2,1,,,,,,,
642,3,,12,12,31,45.3,292,411,36,5,1,4,2,28,3,11,11,1,1190404,23,,,1,,,,,,,,,,1,,1,,,,,,
643,6,2,10,13,28,54.7,396,505,21,5,2,2,3,31,,10,10,1,1190404,211,,,,,,,,1,,,1,,1,,2,,,,,,
644,4,3,6,22,38,42.5,278,371,18,7,2,1,4,26,1,12,11,4,1190362,23,1,,,1,,,,2,,,,,,,,,,,,,
645,5,,7,8,26,57.5,399,493,30,2,,1,5,38,,8,10,,1190362,259,,,1,1,,,,1,,,,1,2,,1,1,,,,,
646,7,,8,17,33,52.5,280,397,25,7,2,3,4,42,1,14,15,2,1190438,23,,,2,1,,,,3,,,,,1,,1,,,,1,,
647,4,1,5,18,42,47.5,241,364,33,6,,3,2,33,3,11,15,2,1190438,184,,,1,1,,,,1,,,,,,,,,,,,1,
648,5,,13,26,20,34.8,249,336,34,9,1,5,2,23,4,16,12,4,1190348,162,1,1,,2,,,,,,,,,,,1,,,,,,
649,4,4,13,21,23,65.2,553,654,22,3,3,4,9,20,,16,7,1,1190348,13,3,,1,3,,,,2,,,,,1,,,,,,,,
650,1,2,8,21,17,51.1,413,501,22,4,3,1,4,27,1,9,14,2,1190412,27,1,,1,1,,,,,,,,,,,1,,,,,,
651,8,2,11,19,27,48.9,396,479,22,4,2,1,4,17,,9,13,,1190412,259,2,,,2,,,,1,,1,2,,,,,,,,,,1
652,10,1,7,7,20,44.2,242,353,18,6,3,5,4,22,4,15,8,1,1190374,175,,,,2,,,,1,,,,,1,,,1,1,,,,
653,6,1,3,17,22,55.8,348,447,20,7,2,5,1,20,1,13,15,2,1190374,211,,,,,,,,4,,,,,,,,,,,,,
654,12,1,10,11,21,71.3,534,638,24,7,,11,6,33,4,24,10,1,1190360,32,1,1,,2,,1,,2,,,,,2,,,,,,,,
655,2,,3,14,33,28.7,157,270,18,1,1,,2,21,,3,14,,1190360,184,1,,,2,,,,,,1,,,,,,,1,,,,1
656,3,,9,22,36,48.5,199,330,29,4,10,1,6,63,,11,18,1,1190406,96,,2,1,2,,,,3,,,,,2,1,,,,,,,
657,2,2,7,14,63,51.5,194,353,41,3,,,3,36,,6,13,3,1190406,166,,,1,,,,,,,,,,,,,,,,,,
658,8,2,5,10,22,61.9,446,521,13,6,2,7,6,17,2,19,16,1,1190176,15,1,,,2,,,1,,,,2,1,,1,1,,,,,,
659,5,1,2,8,17,38.1,241,320,7,4,1,1,5,22,2,10,11,1,1190176,184,1,,,3,,1,,,1,1,,,,,,1,1,,,,
660,7,2,13,12,12,65.4,461,560,29,9,,4,6,22,1,19,7,1,1190189,167,1,,2,1,,,,4,1,1,,,1,,2,,,,,,
661,1,1,3,19,22,34.6,198,301,31,5,3,,2,12,3,7,9,1,1190189,31,,1,,1,,,,,,,1,,,,,,,,,,
662,4,3,17,9,6,77.4,723,803,26,4,1,1,10,13,3,15,10,1,1190228,167,,3,,3,1,1,,,,,,,2,1,,,,,,,
663,5,,6,14,13,22.6,150,227,16,3,2,3,,6,,6,6,,1190228,184,,,,,,,,1,,,,,,,2,,,,,,
664,7,1,6,25,22,42.1,207,291,22,6,2,5,3,23,2,14,13,2,1190200,23,1,,,2,,,,1,,,,,,,1,,,,1,,
665,5,1,11,15,23,57.9,304,405,43,7,1,2,4,22,,13,11,2,1190200,96,1,,,1,,,,1,,,1,,,2,3,,,,,,
666,3,,7,18,17,35.3,160,254,24,2,8,,2,23,,4,7,2,1190214,184,,,1,1,,,1,,,,,,,,,,,,,,
667,13,,24,12,23,64.7,342,450,33,6,1,13,4,17,3,23,14,2,1190214,162,,,2,,,,,1,,,,,1,1,,,,,,,
668,2,,10,20,23,29.8,152,258,19,3,,3,3,13,2,9,13,,1190215,183,,,1,1,,,,,1,1,,,1,,,1,,,,,
669,5,4,13,13,13,70.2,524,604,35,7,3,4,8,23,,19,14,3,1190215,167,2,,,2,,,,1,1,1,1,,1,1,1,,,,,,
670,10,1,10,9,27,67.3,503,588,14,6,1,17,5,15,,28,9,3,1190201,30,,1,1,1,,,,2,,,1,1,1,,,,,,,,
671,7,1,6,16,15,32.7,193,272,13,8,6,2,3,27,2,13,9,1,1190201,184,,1,,1,,,,4,,,,1,,,1,,,,,,
672,8,2,13,14,16,61.8,424,525,21,5,1,1,4,21,2,10,11,,1190229,259,,,2,,,,,3,,,,,,,,,,,,,
673,5,3,5,21,21,38.2,240,329,14,3,,5,8,16,,16,15,,1190229,23,,,,1,,1,,1,,,2,,3,,,,,,1,,
674,4,4,13,24,13,72.4,603,712,23,5,2,5,13,20,1,23,12,,1190188,26,1,,3,1,,1,,2,,,1,,3,1,1,,,,,,
675,2,,10,21,20,27.6,181,273,20,2,4,1,1,13,,4,13,,1190188,162,,,,,,,,1,,,1,,,1,,,,,,,
676,12,2,18,24,16,56.7,304,391,19,7,,3,4,18,2,14,7,1,1190177,162,,,2,,,,,4,,,,,,,,,,,,,
677,9,1,5,28,18,43.3,199,306,30,3,2,,6,16,2,9,19,,1190177,166,,,1,3,,1,,1,,,,,1,,,1,1,,,,
678,4,3,10,18,17,45.3,331,440,26,1,,,8,28,,9,9,,1190361,259,1,1,,4,1,,2,1,,,,,1,,,,,,,,
679,5,,5,20,28,54.7,420,522,11,1,5,4,2,17,1,7,14,,1190361,29,1,,,1,,,,,,,,1,,,,,,,,,
680,5,,2,12,36,57.3,366,465,23,2,2,7,4,34,1,13,10,,1190407,259,1,,,1,,1,,1,,,,,2,,,,,,,,
681,2,,2,17,34,42.7,243,352,19,8,,4,1,36,3,13,9,1,1190407,184,,,,,,,,2,,,1,1,,,1,,,,,,
682,3,,6,19,19,60.6,441,544,27,4,1,8,5,18,,17,6,1,1190413,183,,1,1,2,,1,,2,,,,,1,,1,,1,,,,
683,2,3,3,21,18,39.4,247,350,21,1,1,4,6,19,,11,9,,1190413,175,,1,1,1,,,,,,,1,,1,,,,,,,,
684,5,,10,11,26,38.9,214,322,21,4,1,2,3,29,,9,12,2,1190375,175,,1,1,2,,,,,,,2,,,,,,,,1,,
685,7,,14,14,29,61.1,404,522,25,5,2,3,5,26,2,13,10,1,1190375,18,,1,1,3,,,,2,,,,,1,,,1,1,,,,
686,8,,8,26,21,70.9,658,772,17,3,4,8,3,29,2,14,7,,1190349,26,,1,,2,,,,,,,,,,1,1,,,,1,,
687,3,,23,12,29,29.1,208,315,22,2,1,3,2,21,,7,9,1,1190349,23,,,1,,,,,1,,,,,,1,,,,,,,
688,6,1,12,19,16,44.6,326,407,21,9,1,4,8,20,3,21,11,6,1190371,27,3,1,,4,1,1,,,,,,,1,1,,,,,,,
689,2,,12,16,20,55.4,422,512,12,2,1,2,3,16,,7,8,,1190371,15,,1,1,1,,,,1,,,1,,1,,,,,,,,
690,3,,3,13,30,39.2,288,389,17,2,3,1,2,20,,5,9,1,1190417,184,1,,,1,,1,,,,,1,,,,,,,,,,
691,2,2,11,8,20,60.8,514,609,21,5,1,6,5,30,1,16,11,1,1190417,15,,1,1,2,,1,,1,,,1,,,,1,,,,,,
692,7,,12,9,40,57.1,354,468,40,6,2,6,3,31,3,15,6,,1190403,96,1,,1,1,,,,2,,,1,,,1,,,,,,,
693,4,2,10,28,31,42.9,235,365,19,7,3,1,6,40,1,14,10,1,1190403,211,,1,,1,,1,,2,,,2,1,1,,1,,,,,1,
694,8,3,18,10,16,74.5,701,806,29,3,4,5,7,13,1,15,6,2,1190365,30,,2,1,2,,,,,,,,,1,,,,,,,,
695,1,,7,29,13,25.5,169,267,15,,2,,3,16,,3,8,,1190365,166,,,2,,,1,,,,,,,,,,,,,,,
696,3,3,7,16,20,60.1,427,521,34,5,5,3,5,20,4,13,9,,1190359,14,,1,,1,,1,,1,,,,,,,,,,,,,
697,3,,11,14,20,39.9,248,340,26,1,,1,1,20,,3,8,1,1190359,259,,1,,1,,,,,,,,,,,,,,,,,
698,4,3,9,14,8,49.2,403,476,18,5,2,4,7,14,1,16,15,2,1190198,32,1,2,,4,1,,,1,1,1,,,,,,,1,,,,
699,1,2,4,22,14,50.8,415,510,19,2,3,2,3,8,2,7,14,,1190198,31,,,,,,1,,,,,,,,,,,,,,,
700,10,,4,17,29,42.8,239,314,21,8,2,,2,13,3,10,10,3,1190205,175,1,,,1,,1,,,,1,1,,,,,,,,,,1
701,4,,10,20,13,57.2,380,438,19,9,,5,2,29,4,16,9,4,1190205,96,,1,,1,,,,1,,,,1,,,,,,,,,
702,2,3,3,17,24,48.6,363,448,16,3,1,3,6,15,,12,9,1,1190211,211,2,1,,3,,,,2,,,,,,,,,,,,,
703,6,1,10,8,15,51.4,377,461,28,6,1,3,3,24,3,12,4,1,1190211,175,,,,1,,1,1,,,,,,,,2,,,,,,
704,5,,7,7,15,41.7,376,459,25,3,,3,1,12,,7,5,,1190239,183,,,,,,1,,2,,,,,,,1,,,,,,
705,5,2,5,16,12,58.3,569,653,17,7,5,6,5,15,2,18,5,1,1190239,15,1,,,1,,,,2,,,1,,2,,1,,,,,,
706,10,,4,21,26,43.5,216,311,27,10,,6,3,34,2,19,11,3,1190238,29,,,1,2,,,1,1,,1,3,,,,,1,,,,,1
707,3,1,8,19,34,56.5,330,426,20,1,1,7,2,26,,10,14,,1190238,166,,,,,,,,1,,,,,1,,,,,,,,
708,7,1,13,15,21,69.1,537,615,19,6,,4,6,24,1,16,8,2,1190210,13,,2,1,2,1,,,3,,,,1,,1,,,,,,,
709,4,2,10,16,24,30.9,188,272,16,3,,1,3,21,1,7,17,1,1190210,175,,,1,,,,,,,,,,,,1,,,,,,
710,3,,11,7,14,32.6,236,312,17,5,2,1,1,12,2,7,8,1,1190204,27,,,,,,,,1,,,,,,1,1,,,,,,
711,11,2,13,19,12,67.4,576,637,15,10,,8,10,14,3,28,6,5,1190204,167,3,,,6,1,,1,1,,,1,1,,1,,1,1,,,,
712,7,3,8,14,16,37.5,169,271,19,6,,3,8,25,1,17,17,2,1190199,23,1,1,1,3,,,1,2,,,1,,1,,,,,,,,
713,5,2,8,17,25,62.5,358,473,32,5,2,,3,16,1,8,11,1,1190199,29,,,,,,1,,2,,,,,,,1,,,,,,
714,6,4,9,15,14,60.3,542,604,13,6,4,5,9,9,2,20,14,,1190358,32,1,,1,3,,,,2,,,2,,1,,,1,1,,,,
715,1,3,6,16,9,39.7,326,395,13,5,,1,5,14,3,11,10,1,1190358,96,,,,,,,,,,,1,,2,,,,,,,,
716,2,2,10,21,16,41.1,237,343,21,5,2,1,4,10,1,10,8,2,1190402,18,,,,1,,,,1,,,1,,2,,,,,,,,
717,9,1,7,16,10,58.9,407,491,24,10,1,5,2,16,1,17,15,7,1190402,30,,,,1,,,1,,,1,1,,,,,,,1,,,
718,3,,11,14,15,22,133,228,19,3,4,1,2,22,2,6,11,1,1190364,23,,,,,,,,,,,,1,,1,,,,,,,
719,8,1,13,15,22,78,736,824,19,12,4,4,6,15,2,22,6,4,1190364,167,1,,1,1,,1,,2,,2,,,2,,2,,,2,,,
720,5,,4,14,26,55.7,352,465,38,10,,2,4,28,1,16,11,6,1190370,27,,1,,2,,,1,1,,,1,1,,1,1,,,,,,
721,4,1,12,15,28,44.3,256,375,22,4,3,2,4,26,1,10,13,1,1190370,18,1,,,2,,1,1,1,,,,,,,1,,,,,,
722,5,1,8,14,12,34.7,244,322,15,4,1,7,3,18,1,14,14,,1190416,175,,,,1,1,,1,1,,,2,,1,,,,,,,,
723,6,1,10,12,18,65.3,544,647,18,5,2,5,4,12,3,14,9,1,1190416,13,,,1,1,,1,,1,,,,,1,,,,,,,,
724,3,5,18,18,16,61.5,484,579,26,6,2,4,10,22,2,20,11,2,1190366,30,2,,1,4,,,2,1,1,1,,,,,,,,,,,
725,3,,7,17,22,38.5,258,360,21,4,7,3,,16,1,7,15,1,1190366,31,,,,,,,,1,,,1,,,,,,,,,,
726,10,2,13,14,13,54.5,427,500,18,5,1,7,3,23,1,15,12,1,1190400,32,,,1,,,,,2,,,,,,,1,,,,,,
727,7,1,11,19,23,45.5,329,423,16,4,2,1,3,13,2,8,13,1,1190400,18,,,1,,,,,1,,,,,1,,,,,,,,
728,6,1,12,13,17,47.8,281,386,30,6,5,2,4,20,1,12,8,3,1190414,29,,1,,1,,1,,1,,,1,,,1,,,,,,,
729,3,,10,15,20,52.2,335,434,22,5,5,,3,17,,8,7,3,1190414,183,1,,1,1,,,,,,,1,,1,,1,,,,,,
730,8,,13,20,30,49.8,234,355,28,7,4,3,1,22,3,11,7,2,1190372,27,,1,,2,,,,1,1,1,,,,,,,,,,,
731,8,2,15,15,22,50.2,244,359,43,3,6,3,5,30,3,11,13,,1190372,14,,,1,1,,1,,,,,,,,,,,1,,,,
732,3,,6,13,23,42.1,266,377,18,6,1,3,4,30,2,13,4,2,1190428,184,,1,2,1,,,,,,,,,,1,2,,,,,,
733,9,,7,14,30,57.9,410,511,26,7,2,7,5,23,,19,12,2,1190428,26,1,,1,2,,,,2,,,3,1,1,,,,1,,,,
734,3,2,15,15,20,52.2,427,545,26,2,5,,4,21,2,6,5,,1190399,18,,,,,,,,,,,,1,1,,,,,,,,
735,1,,11,14,21,47.8,399,510,28,8,,4,4,20,3,16,8,2,1190399,26,1,1,2,2,,,,1,,,1,,,,1,,,,,,
736,5,,9,19,16,48.1,261,374,38,4,1,3,5,20,,12,9,2,1190212,29,,2,,3,,1,,1,,1,,,1,,,1,,,,,1
737,9,,12,17,20,51.9,293,404,22,5,,4,,16,1,9,16,4,1190212,18,,,,,,,,,,,,,,,,,,,,,
738,3,,5,21,11,41,315,406,23,5,1,,,19,2,5,12,,1190206,259,,,,,,,,1,,1,,,,,1,,,,,,1
739,5,3,13,16,19,59,523,601,13,6,,3,8,11,1,17,11,3,1190206,32,,2,,4,,1,2,,,1,,,,,1,,,,,,1
740,8,2,28,13,12,53.6,467,545,28,8,3,8,8,9,3,24,8,3,1190548,15,1,,1,1,,2,,1,,,,1,,1,1,,,,,,
741,4,1,7,20,9,46.4,386,474,17,2,2,2,2,12,,6,16,1,1190548,18,,,,,,,,,,,1,,1,,,,,,,,
742,6,1,9,17,16,51.1,349,445,25,3,1,2,7,17,1,12,12,1,1190549,31,1,,,3,1,,1,1,,,,,3,,,1,,,,,
743,3,1,8,14,17,48.9,332,431,29,4,,1,3,16,2,8,12,,1190549,259,,,,1,,,1,1,,,,,1,,1,,,,,1,
744,2,,9,7,15,36.8,212,290,17,3,3,2,1,6,1,6,15,1,1190207,175,,,1,,,,,1,,,,,,,,,,,,,
745,3,1,5,11,6,63.2,414,487,22,5,2,3,1,15,1,9,7,1,1190207,29,,,,,,,,2,,1,,,,,,,,,,,1
746,2,1,6,16,21,48.8,339,438,25,2,1,2,3,33,1,7,6,,1190213,211,,,1,1,,,,,,,,,,,1,,,,1,,
747,8,1,11,14,33,51.2,365,458,28,7,,5,5,21,2,17,8,3,1190213,23,,,3,,,,,2,,,,,1,,,,,,,,
748,18,3,22,23,16,80.5,723,799,22,10,4,2,9,17,3,21,5,5,1190398,167,1,2,,3,1,1,,2,,,,,2,,,,,,,,
749,,2,10,18,17,19.5,114,193,16,1,2,1,4,16,,6,10,,1190398,23,1,,,1,,1,,,,,1,,,,,,,,,,
750,6,2,14,18,20,58,476,581,26,1,6,2,10,18,1,13,5,,1190429,26,2,1,,5,,1,1,,,,,,1,1,,1,,,,,
751,1,,8,30,18,42,304,420,23,2,3,1,1,20,1,4,4,,1190429,27,,,,,,1,,,,1,,,,,,,,,,,1
752,8,2,21,21,32,36.2,150,246,24,2,3,2,4,31,2,8,11,,1190415,29,1,1,,2,,,,,,,,,,,,,,,,,
753,7,2,12,16,31,63.8,323,442,27,3,1,4,4,32,,11,7,1,1190415,27,,,2,,,,,2,,,,,,,,,,,,,
754,4,2,8,21,17,59.7,417,502,17,4,5,,7,22,,11,12,2,1190373,13,1,,1,3,,1,2,,,,2,,,,,,,,,1,
755,9,1,7,13,22,40.3,245,324,28,5,3,2,4,17,2,11,9,1,1190373,27,,,,,,,,,,,1,,3,,1,,,,,,
756,5,3,27,15,18,74.3,697,786,23,4,4,5,7,14,2,16,5,1,1190367,32,1,,1,2,,,1,,,,1,,,1,,,,,,,
757,2,,4,22,14,25.7,190,265,8,1,,3,,18,,4,19,1,1190367,166,,,,,,,,,,,,,,,,,,,,1,
758,3,,9,19,16,22.9,165,245,25,1,2,2,,13,,3,6,,1190401,96,,,,,,,,1,,,,,,,,,,,,,
759,10,1,10,16,13,77.1,762,847,20,8,4,3,6,16,3,17,8,3,1190401,167,1,1,,2,,,,1,,,1,1,2,,,,,,,,
